Scaffold_1_15001..15100	Scaffold_1_15001..15100	100.000	100	0	0	1	100	1	100	4.38e-50	185	100	100	1/1	Scaffold_1_15001..15100	100
Scaffold_1_15101..15200	Scaffold_1_15101..15200	100.000	100	0	0	1	100	1	100	4.38e-50	185	100	100	1/1	Scaffold_1_15101..15200	100
Scaffold_1_15201..15300	Scaffold_1_15201..15300	100.000	100	0	0	1	100	1	100	4.38e-50	185	100	100	1/1	Scaffold_1_15201..15300	100
Scaffold_1_15301..15400	Scaffold_1_15301..15400	100.000	100	0	0	1	100	1	100	4.38e-50	185	100	100	1/1	Scaffold_1_15301..15400	100
Scaffold_1_15401..15500	Scaffold_1_15401..15500	100.000	100	0	0	1	100	1	100	4.38e-50	185	100	100	1/1	Scaffold_1_15401..15500	100
Scaffold_1_15501..15600	Scaffold_1_15501..15600	100.000	100	0	0	1	100	1	100	4.38e-50	185	100	100	1/1	Scaffold_1_15501..15600	100
Scaffold_1_15601..15700	Scaffold_1_15601..15700	100.000	100	0	0	1	100	1	100	4.38e-50	185	100	100	1/1	Scaffold_1_15601..15700	100
Scaffold_1_15701..15800	Scaffold_1_15701..15800	100.000	100	0	0	1	100	1	100	4.38e-50	185	100	100	1/1	Scaffold_1_15701..15800	100
Scaffold_1_15801..15900	Scaffold_1_15801..15900	100.000	100	0	0	1	100	1	100	4.38e-50	185	100	100	1/1	Scaffold_1_15801..15900	100
Scaffold_1_15901..16000	Scaffold_1_15901..16000	100.000	100	0	0	1	100	1	100	4.38e-50	185	100	100	1/1	Scaffold_1_15901..16000	100
Scaffold_1_16001..16100	Scaffold_1_16001..16100	100.000	100	0	0	1	100	1	100	4.38e-50	185	100	100	1/1	Scaffold_1_16001..16100	100
Scaffold_1_16101..16200	Scaffold_1_16101..16200	100.000	100	0	0	1	100	1	100	4.38e-50	185	100	100	1/1	Scaffold_1_16101..16200	100
Scaffold_1_16201..16300	Scaffold_1_16201..16300	100.000	100	0	0	1	100	1	100	4.38e-50	185	100	100	1/1	Scaffold_1_16201..16300	100
Scaffold_1_16301..16400	Scaffold_1_16301..16400	100.000	100	0	0	1	100	1	100	4.38e-50	185	100	100	1/1	Scaffold_1_16301..16400	100
Scaffold_1_16401..16500	Scaffold_1_16401..16500	100.000	100	0	0	1	100	1	100	4.38e-50	185	100	100	1/1	Scaffold_1_16401..16500	100
Scaffold_1_16501..16600	Scaffold_1_16501..16600	100.000	100	0	0	1	100	1	100	4.38e-50	185	100	100	1/1	Scaffold_1_16501..16600	100
Scaffold_1_16601..16700	Scaffold_1_16601..16700	100.000	100	0	0	1	100	1	100	4.38e-50	185	100	100	1/1	Scaffold_1_16601..16700	100
Scaffold_1_16701..16800	Scaffold_1_16701..16800	100.000	100	0	0	1	100	1	100	4.38e-50	185	100	100	1/1	Scaffold_1_16701..16800	100
Scaffold_1_16801..16900	Scaffold_1_16801..16900	100.000	100	0	0	1	100	1	100	4.38e-50	185	100	100	1/1	Scaffold_1_16801..16900	100
Scaffold_1_16901..17000	Scaffold_1_16901..17000	100.000	100	0	0	1	100	1	100	4.38e-50	185	100	100	1/1	Scaffold_1_16901..17000	100
Scaffold_1_17001..17100	Scaffold_1_17001..17100	100.000	100	0	0	1	100	1	100	4.38e-50	185	100	100	1/1	Scaffold_1_17001..17100	100
Scaffold_1_17101..17200	Scaffold_1_17101..17200	100.000	100	0	0	1	100	1	100	4.38e-50	185	100	100	1/1	Scaffold_1_17101..17200	100
Scaffold_1_17201..17300	Scaffold_1_17201..17300	100.000	100	0	0	1	100	1	100	4.38e-50	185	100	100	1/1	Scaffold_1_17201..17300	100
Scaffold_1_17301..17400	Scaffold_1_17301..17400	100.000	100	0	0	1	100	1	100	4.38e-50	185	100	100	1/1	Scaffold_1_17301..17400	100
Scaffold_1_17401..17500	Scaffold_1_17401..17500	100.000	100	0	0	1	100	1	100	4.38e-50	185	100	100	1/1	Scaffold_1_17401..17500	100
Scaffold_1_17501..17600	Scaffold_1_17501..17600	100.000	100	0	0	1	100	1	100	4.38e-50	185	100	100	1/1	Scaffold_1_17501..17600	100
Scaffold_1_17601..17700	Scaffold_1_17601..17700	100.000	100	0	0	1	100	1	100	4.38e-50	185	100	100	1/1	Scaffold_1_17601..17700	100
Scaffold_1_17701..17800	Scaffold_1_17701..17800	100.000	100	0	0	1	100	1	100	4.38e-50	185	100	100	1/1	Scaffold_1_17701..17800	100
Scaffold_1_17801..17900	Scaffold_1_17801..17900	100.000	100	0	0	1	100	1	100	4.38e-50	185	100	100	1/1	Scaffold_1_17801..17900	100
Scaffold_1_17901..18000	Scaffold_1_17901..18000	100.000	100	0	0	1	100	1	100	4.38e-50	185	100	100	1/1	Scaffold_1_17901..18000	100
Scaffold_1_18001..18100	Scaffold_1_18001..18100	100.000	100	0	0	1	100	1	100	4.38e-50	185	100	100	1/1	Scaffold_1_18001..18100	100
Scaffold_1_18101..18200	Scaffold_1_18101..18200	100.000	100	0	0	1	100	1	100	4.38e-50	185	100	100	1/1	Scaffold_1_18101..18200	100
Scaffold_1_18201..18300	Scaffold_1_18201..18300	100.000	100	0	0	1	100	1	100	4.38e-50	185	100	100	1/1	Scaffold_1_18201..18300	100
Scaffold_1_18301..18400	Scaffold_1_18301..18400	100.000	100	0	0	1	100	1	100	4.38e-50	185	100	100	1/1	Scaffold_1_18301..18400	100
Scaffold_1_18401..18500	Scaffold_1_18401..18500	100.000	100	0	0	1	100	1	100	4.38e-50	185	100	100	1/1	Scaffold_1_18401..18500	100
Scaffold_1_18501..18600	Scaffold_1_18501..18600	100.000	100	0	0	1	100	1	100	4.38e-50	185	100	100	1/1	Scaffold_1_18501..18600	100
Scaffold_1_18601..18700	Scaffold_1_18601..18700	100.000	100	0	0	1	100	1	100	4.38e-50	185	100	100	1/1	Scaffold_1_18601..18700	100
Scaffold_1_18701..18800	Scaffold_1_18701..18800	100.000	100	0	0	1	100	1	100	4.38e-50	185	100	100	1/1	Scaffold_1_18701..18800	100
Scaffold_1_18801..18900	Scaffold_1_18801..18900	100.000	100	0	0	1	100	1	100	4.38e-50	185	100	100	1/1	Scaffold_1_18801..18900	100
Scaffold_1_18901..19000	Scaffold_1_18901..19000	100.000	100	0	0	1	100	1	100	4.38e-50	185	100	100	1/1	Scaffold_1_18901..19000	100
Scaffold_1_19001..19100	Scaffold_1_19001..19100	100.000	100	0	0	1	100	1	100	4.38e-50	185	100	100	1/1	Scaffold_1_19001..19100	100
Scaffold_1_19101..19200	Scaffold_1_19101..19200	100.000	100	0	0	1	100	1	100	4.38e-50	185	100	100	1/1	Scaffold_1_19101..19200	100
Scaffold_1_19201..19300	Scaffold_1_19201..19300	100.000	100	0	0	1	100	1	100	4.38e-50	185	100	100	1/1	Scaffold_1_19201..19300	100
Scaffold_1_19301..19400	Scaffold_1_19301..19400	100.000	100	0	0	1	100	1	100	4.38e-50	185	100	100	1/1	Scaffold_1_19301..19400	100
Scaffold_1_19401..19500	Scaffold_1_19401..19500	100.000	100	0	0	1	100	1	100	4.38e-50	185	100	100	1/1	Scaffold_1_19401..19500	100
Scaffold_1_19501..19600	Scaffold_1_19501..19600	100.000	100	0	0	1	100	1	100	4.38e-50	185	100	100	1/1	Scaffold_1_19501..19600	100
Scaffold_1_19601..19700	Scaffold_1_19601..19700	100.000	100	0	0	1	100	1	100	4.38e-50	185	100	100	1/1	Scaffold_1_19601..19700	100
Scaffold_1_19701..19800	Scaffold_1_19701..19800	100.000	100	0	0	1	100	1	100	4.38e-50	185	100	100	1/1	Scaffold_1_19701..19800	100
Scaffold_1_19801..19900	Scaffold_1_19801..19900	100.000	100	0	0	1	100	1	100	4.38e-50	185	100	100	1/1	Scaffold_1_19801..19900	100
Scaffold_1_19901..20000	Scaffold_1_19901..20000	100.000	100	0	0	1	100	1	100	4.38e-50	185	100	100	1/1	Scaffold_1_19901..20000	100
