Scaffold_1_20001..20100	Scaffold_1_20001..20100	100.000	100	0	0	1	100	1	100	4.38e-50	185	100	100	1/1	Scaffold_1_20001..20100	100
Scaffold_1_20101..20200	Scaffold_1_20101..20200	100.000	100	0	0	1	100	1	100	4.38e-50	185	100	100	1/1	Scaffold_1_20101..20200	100
Scaffold_1_20201..20300	Scaffold_1_20201..20300	100.000	100	0	0	1	100	1	100	4.38e-50	185	100	100	1/1	Scaffold_1_20201..20300	100
Scaffold_1_20301..20400	Scaffold_1_20301..20400	100.000	100	0	0	1	100	1	100	4.38e-50	185	100	100	1/1	Scaffold_1_20301..20400	100
Scaffold_1_20401..20500	Scaffold_1_20401..20500	100.000	100	0	0	1	100	1	100	4.38e-50	185	100	100	1/1	Scaffold_1_20401..20500	100
Scaffold_1_20501..20600	Scaffold_1_20501..20600	100.000	100	0	0	1	100	1	100	4.38e-50	185	100	100	1/1	Scaffold_1_20501..20600	100
Scaffold_1_20601..20700	Scaffold_1_20601..20700	100.000	100	0	0	1	100	1	100	4.38e-50	185	100	100	1/1	Scaffold_1_20601..20700	100
Scaffold_1_20701..20800	Scaffold_1_20701..20800	100.000	100	0	0	1	100	1	100	4.38e-50	185	100	100	1/1	Scaffold_1_20701..20800	100
Scaffold_1_20801..20900	Scaffold_1_20801..20900	100.000	100	0	0	1	100	1	100	4.38e-50	185	100	100	1/1	Scaffold_1_20801..20900	100
Scaffold_1_20901..21000	Scaffold_1_20901..21000	100.000	100	0	0	1	100	1	100	4.38e-50	185	100	100	1/1	Scaffold_1_20901..21000	100
Scaffold_1_21001..21100	Scaffold_1_21001..21100	100.000	100	0	0	1	100	1	100	4.38e-50	185	100	100	1/1	Scaffold_1_21001..21100	100
Scaffold_1_21101..21200	Scaffold_1_21101..21200	100.000	100	0	0	1	100	1	100	4.38e-50	185	100	100	1/1	Scaffold_1_21101..21200	100
Scaffold_1_21201..21300	Scaffold_1_21201..21300	100.000	100	0	0	1	100	1	100	4.38e-50	185	100	100	1/1	Scaffold_1_21201..21300	100
Scaffold_1_21301..21400	Scaffold_1_21301..21400	100.000	100	0	0	1	100	1	100	4.38e-50	185	100	100	1/1	Scaffold_1_21301..21400	100
Scaffold_1_21401..21500	Scaffold_1_21401..21500	100.000	100	0	0	1	100	1	100	4.38e-50	185	100	100	1/1	Scaffold_1_21401..21500	100
Scaffold_1_21501..21600	Scaffold_1_21501..21600	100.000	100	0	0	1	100	1	100	4.38e-50	185	100	100	1/1	Scaffold_1_21501..21600	100
Scaffold_1_21601..21700	Scaffold_1_21601..21700	100.000	100	0	0	1	100	1	100	4.38e-50	185	100	100	1/1	Scaffold_1_21601..21700	100
Scaffold_1_21701..21800	Scaffold_1_21701..21800	100.000	100	0	0	1	100	1	100	4.38e-50	185	100	100	1/1	Scaffold_1_21701..21800	100
Scaffold_1_21801..21900	Scaffold_1_21801..21900	100.000	100	0	0	1	100	1	100	4.38e-50	185	100	100	1/1	Scaffold_1_21801..21900	100
Scaffold_1_21901..22000	Scaffold_1_21901..22000	100.000	100	0	0	1	100	1	100	4.38e-50	185	100	100	1/1	Scaffold_1_21901..22000	100
Scaffold_1_22001..22100	Scaffold_1_22001..22100	100.000	100	0	0	1	100	1	100	4.38e-50	185	100	100	1/1	Scaffold_1_22001..22100	100
Scaffold_1_22101..22200	Scaffold_1_22101..22200	100.000	100	0	0	1	100	1	100	4.38e-50	185	100	100	1/1	Scaffold_1_22101..22200	100
Scaffold_1_22201..22300	Scaffold_1_22201..22300	100.000	100	0	0	1	100	1	100	4.38e-50	185	100	100	1/1	Scaffold_1_22201..22300	100
Scaffold_1_22301..22400	Scaffold_1_22301..22400	100.000	100	0	0	1	100	1	100	4.38e-50	185	100	100	1/1	Scaffold_1_22301..22400	100
Scaffold_1_22401..22500	Scaffold_1_22401..22500	100.000	100	0	0	1	100	1	100	4.38e-50	185	100	100	1/1	Scaffold_1_22401..22500	100
Scaffold_1_22501..22600	Scaffold_1_22501..22600	100.000	100	0	0	1	100	1	100	4.38e-50	185	100	100	1/1	Scaffold_1_22501..22600	100
Scaffold_1_22601..22700	Scaffold_1_22601..22700	100.000	100	0	0	1	100	1	100	4.38e-50	185	100	100	1/1	Scaffold_1_22601..22700	100
Scaffold_1_22701..22800	Scaffold_1_22701..22800	100.000	100	0	0	1	100	1	100	4.38e-50	185	100	100	1/1	Scaffold_1_22701..22800	100
Scaffold_1_22801..22900	Scaffold_1_22801..22900	100.000	100	0	0	1	100	1	100	4.38e-50	185	100	100	1/1	Scaffold_1_22801..22900	100
Scaffold_1_22901..23000	Scaffold_1_22901..23000	100.000	100	0	0	1	100	1	100	4.38e-50	185	100	100	1/1	Scaffold_1_22901..23000	100
Scaffold_1_23001..23100	Scaffold_1_23001..23100	100.000	100	0	0	1	100	1	100	4.38e-50	185	100	100	1/1	Scaffold_1_23001..23100	100
Scaffold_1_23101..23200	Scaffold_1_23101..23200	100.000	100	0	0	1	100	1	100	4.38e-50	185	100	100	1/1	Scaffold_1_23101..23200	100
Scaffold_1_23201..23300	Scaffold_1_23201..23300	100.000	100	0	0	1	100	1	100	4.38e-50	185	100	100	1/1	Scaffold_1_23201..23300	100
Scaffold_1_23301..23400	Scaffold_1_23301..23400	100.000	100	0	0	1	100	1	100	4.38e-50	185	100	100	1/1	Scaffold_1_23301..23400	100
Scaffold_1_23401..23500	Scaffold_1_23401..23500	100.000	100	0	0	1	100	1	100	4.38e-50	185	100	100	1/1	Scaffold_1_23401..23500	100
Scaffold_1_23501..23600	Scaffold_1_23501..23600	100.000	100	0	0	1	100	1	100	4.38e-50	185	100	100	1/1	Scaffold_1_23501..23600	100
Scaffold_1_23601..23700	Scaffold_1_23601..23700	100.000	100	0	0	1	100	1	100	4.38e-50	185	100	100	1/1	Scaffold_1_23601..23700	100
Scaffold_1_23701..23800	Scaffold_1_23701..23800	100.000	100	0	0	1	100	1	100	4.38e-50	185	100	100	1/1	Scaffold_1_23701..23800	100
Scaffold_1_23801..23900	Scaffold_1_23801..23900	100.000	100	0	0	1	100	1	100	4.38e-50	185	100	100	1/1	Scaffold_1_23801..23900	100
Scaffold_1_23901..24000	Scaffold_1_23901..24000	100.000	100	0	0	1	100	1	100	4.38e-50	185	100	100	1/1	Scaffold_1_23901..24000	100
Scaffold_1_24001..24100	Scaffold_1_24001..24100	100.000	100	0	0	1	100	1	100	4.38e-50	185	100	100	1/1	Scaffold_1_24001..24100	100
Scaffold_1_24101..24200	Scaffold_1_24101..24200	100.000	100	0	0	1	100	1	100	4.38e-50	185	100	100	1/1	Scaffold_1_24101..24200	100
Scaffold_1_24201..24300	Scaffold_1_24201..24300	100.000	100	0	0	1	100	1	100	4.38e-50	185	100	100	1/1	Scaffold_1_24201..24300	100
Scaffold_1_24301..24400	Scaffold_1_24301..24400	100.000	100	0	0	1	100	1	100	4.38e-50	185	100	100	1/1	Scaffold_1_24301..24400	100
Scaffold_1_24401..24500	Scaffold_1_24401..24500	100.000	100	0	0	1	100	1	100	4.38e-50	185	100	100	1/1	Scaffold_1_24401..24500	100
Scaffold_1_24501..24600	Scaffold_1_24501..24600	100.000	100	0	0	1	100	1	100	4.38e-50	185	100	100	1/1	Scaffold_1_24501..24600	100
Scaffold_1_24601..24700	Scaffold_1_24601..24700	100.000	100	0	0	1	100	1	100	4.38e-50	185	100	100	1/1	Scaffold_1_24601..24700	100
Scaffold_1_24701..24800	Scaffold_1_24701..24800	100.000	100	0	0	1	100	1	100	4.38e-50	185	100	100	1/1	Scaffold_1_24701..24800	100
Scaffold_1_24801..24900	Scaffold_1_24801..24900	100.000	100	0	0	1	100	1	100	4.38e-50	185	100	100	1/1	Scaffold_1_24801..24900	100
Scaffold_1_24901..25000	Scaffold_1_24901..25000	100.000	100	0	0	1	100	1	100	4.38e-50	185	100	100	1/1	Scaffold_1_24901..25000	100
