Scaffold_1_45001..45100	Scaffold_1_45001..45100	100.000	100	0	0	1	100	1	100	4.38e-50	185	100	100	1/1	Scaffold_1_45001..45100	100
Scaffold_1_45101..45200	Scaffold_1_45101..45200	100.000	100	0	0	1	100	1	100	4.38e-50	185	100	100	1/1	Scaffold_1_45101..45200	100
Scaffold_1_45201..45300	Scaffold_1_45201..45300	100.000	100	0	0	1	100	1	100	4.38e-50	185	100	100	1/1	Scaffold_1_45201..45300	100
Scaffold_1_45301..45400	Scaffold_1_45301..45400	100.000	100	0	0	1	100	1	100	4.38e-50	185	100	100	1/1	Scaffold_1_45301..45400	100
Scaffold_1_45401..45500	Scaffold_1_45401..45500	100.000	100	0	0	1	100	1	100	4.38e-50	185	100	100	1/1	Scaffold_1_45401..45500	100
Scaffold_1_45501..45600	Scaffold_1_45501..45600	100.000	100	0	0	1	100	1	100	4.38e-50	185	100	100	1/1	Scaffold_1_45501..45600	100
Scaffold_1_45601..45700	Scaffold_1_45601..45700	100.000	100	0	0	1	100	1	100	4.38e-50	185	100	100	1/1	Scaffold_1_45601..45700	100
Scaffold_1_45701..45800	Scaffold_1_45701..45800	100.000	100	0	0	1	100	1	100	4.38e-50	185	100	100	1/1	Scaffold_1_45701..45800	100
Scaffold_1_45801..45900	Scaffold_1_45801..45900	100.000	100	0	0	1	100	1	100	4.38e-50	185	100	100	1/1	Scaffold_1_45801..45900	100
Scaffold_1_45901..46000	Scaffold_1_45901..46000	100.000	100	0	0	1	100	1	100	4.38e-50	185	100	100	1/1	Scaffold_1_45901..46000	100
Scaffold_1_46001..46100	Scaffold_1_46001..46100	100.000	100	0	0	1	100	1	100	4.38e-50	185	100	100	1/1	Scaffold_1_46001..46100	100
Scaffold_1_46101..46200	Scaffold_1_46101..46200	100.000	100	0	0	1	100	1	100	4.38e-50	185	100	100	1/1	Scaffold_1_46101..46200	100
Scaffold_1_46201..46300	Scaffold_1_46201..46300	100.000	100	0	0	1	100	1	100	4.38e-50	185	100	100	1/1	Scaffold_1_46201..46300	100
Scaffold_1_46301..46400	Scaffold_1_46301..46400	100.000	100	0	0	1	100	1	100	4.38e-50	185	100	100	1/1	Scaffold_1_46301..46400	100
Scaffold_1_46401..46500	Scaffold_1_46401..46500	100.000	100	0	0	1	100	1	100	4.38e-50	185	100	100	1/1	Scaffold_1_46401..46500	100
Scaffold_1_46501..46600	Scaffold_1_46501..46600	100.000	100	0	0	1	100	1	100	4.38e-50	185	100	100	1/1	Scaffold_1_46501..46600	100
Scaffold_1_46601..46700	Scaffold_1_46601..46700	100.000	100	0	0	1	100	1	100	4.38e-50	185	100	100	1/1	Scaffold_1_46601..46700	100
Scaffold_1_46701..46800	Scaffold_1_46701..46800	100.000	100	0	0	1	100	1	100	4.38e-50	185	100	100	1/1	Scaffold_1_46701..46800	100
Scaffold_1_46801..46900	Scaffold_1_46801..46900	100.000	100	0	0	1	100	1	100	4.38e-50	185	100	100	1/1	Scaffold_1_46801..46900	100
Scaffold_1_46901..47000	Scaffold_1_46901..47000	100.000	100	0	0	1	100	1	100	4.38e-50	185	100	100	1/1	Scaffold_1_46901..47000	100
Scaffold_1_47001..47100	Scaffold_1_47001..47100	100.000	100	0	0	1	100	1	100	4.38e-50	185	100	100	1/1	Scaffold_1_47001..47100	100
Scaffold_1_47101..47200	Scaffold_1_47101..47200	100.000	100	0	0	1	100	1	100	4.38e-50	185	100	100	1/1	Scaffold_1_47101..47200	100
Scaffold_1_47201..47300	Scaffold_1_47201..47300	100.000	100	0	0	1	100	1	100	4.38e-50	185	100	100	1/1	Scaffold_1_47201..47300	100
Scaffold_1_47301..47400	Scaffold_1_47301..47400	100.000	100	0	0	1	100	1	100	4.38e-50	185	100	100	1/1	Scaffold_1_47301..47400	100
Scaffold_1_47401..47500	Scaffold_1_47401..47500	100.000	100	0	0	1	100	1	100	4.38e-50	185	100	100	1/1	Scaffold_1_47401..47500	100
Scaffold_1_47501..47600	Scaffold_1_47501..47600	100.000	100	0	0	1	100	1	100	4.38e-50	185	100	100	1/1	Scaffold_1_47501..47600	100
Scaffold_1_47601..47700	Scaffold_1_47601..47700	100.000	100	0	0	1	100	1	100	4.38e-50	185	100	100	1/1	Scaffold_1_47601..47700	100
Scaffold_1_47701..47800	Scaffold_1_47701..47800	100.000	100	0	0	1	100	1	100	4.38e-50	185	100	100	1/1	Scaffold_1_47701..47800	100
Scaffold_1_47801..47900	Scaffold_1_47801..47900	100.000	100	0	0	1	100	1	100	4.38e-50	185	100	100	1/1	Scaffold_1_47801..47900	100
Scaffold_1_47901..48000	Scaffold_1_47901..48000	100.000	100	0	0	1	100	1	100	4.38e-50	185	100	100	1/1	Scaffold_1_47901..48000	100
Scaffold_1_48001..48100	Scaffold_1_48001..48100	100.000	100	0	0	1	100	1	100	4.38e-50	185	100	100	1/1	Scaffold_1_48001..48100	100
Scaffold_1_48101..48200	Scaffold_1_48101..48200	100.000	100	0	0	1	100	1	100	4.38e-50	185	100	100	1/1	Scaffold_1_48101..48200	100
Scaffold_1_48201..48300	Scaffold_1_48201..48300	100.000	100	0	0	1	100	1	100	4.38e-50	185	100	100	1/1	Scaffold_1_48201..48300	100
Scaffold_1_48301..48400	Scaffold_1_48301..48400	100.000	100	0	0	1	100	1	100	4.38e-50	185	100	100	1/1	Scaffold_1_48301..48400	100
Scaffold_1_48401..48500	Scaffold_1_48401..48500	100.000	100	0	0	1	100	1	100	4.38e-50	185	100	100	1/1	Scaffold_1_48401..48500	100
Scaffold_1_48501..48600	Scaffold_1_48501..48600	100.000	100	0	0	1	100	1	100	4.38e-50	185	100	100	1/1	Scaffold_1_48501..48600	100
Scaffold_1_48601..48700	Scaffold_1_48601..48700	100.000	100	0	0	1	100	1	100	4.38e-50	185	100	100	1/1	Scaffold_1_48601..48700	100
Scaffold_1_48701..48800	Scaffold_1_48701..48800	100.000	100	0	0	1	100	1	100	4.38e-50	185	100	100	1/1	Scaffold_1_48701..48800	100
Scaffold_1_48801..48900	Scaffold_1_48801..48900	100.000	100	0	0	1	100	1	100	4.38e-50	185	100	100	1/1	Scaffold_1_48801..48900	100
Scaffold_1_48901..49000	Scaffold_1_48901..49000	100.000	100	0	0	1	100	1	100	4.38e-50	185	100	100	1/1	Scaffold_1_48901..49000	100
Scaffold_1_49001..49100	Scaffold_1_49001..49100	100.000	100	0	0	1	100	1	100	4.38e-50	185	100	100	1/1	Scaffold_1_49001..49100	100
Scaffold_1_49101..49200	Scaffold_1_49101..49200	100.000	100	0	0	1	100	1	100	4.38e-50	185	100	100	1/1	Scaffold_1_49101..49200	100
Scaffold_1_49201..49300	Scaffold_1_49201..49300	100.000	100	0	0	1	100	1	100	4.38e-50	185	100	100	1/1	Scaffold_1_49201..49300	100
Scaffold_1_49301..49400	Scaffold_1_49301..49400	100.000	100	0	0	1	100	1	100	4.38e-50	185	100	100	1/1	Scaffold_1_49301..49400	100
Scaffold_1_49401..49500	Scaffold_1_49401..49500	100.000	100	0	0	1	100	1	100	4.38e-50	185	100	100	1/1	Scaffold_1_49401..49500	100
Scaffold_1_49501..49600	Scaffold_1_49501..49600	100.000	100	0	0	1	100	1	100	4.38e-50	185	100	100	1/1	Scaffold_1_49501..49600	100
Scaffold_1_49601..49700	Scaffold_1_49601..49700	100.000	100	0	0	1	100	1	100	4.38e-50	185	100	100	1/1	Scaffold_1_49601..49700	100
Scaffold_1_49701..49800	Scaffold_1_49701..49800	100.000	100	0	0	1	100	1	100	4.38e-50	185	100	100	1/1	Scaffold_1_49701..49800	100
Scaffold_1_49801..49900	Scaffold_1_49801..49900	100.000	100	0	0	1	100	1	100	4.38e-50	185	100	100	1/1	Scaffold_1_49801..49900	100
