Scaffold_1_40001..40100	Scaffold_1_40001..40100	100.000	100	0	0	1	100	1	100	4.38e-50	185	100	100	1/1	Scaffold_1_40001..40100	100
Scaffold_1_40101..40200	Scaffold_1_40101..40200	100.000	100	0	0	1	100	1	100	4.38e-50	185	100	100	1/1	Scaffold_1_40101..40200	100
Scaffold_1_40101..40200	Scaffold_1_35701..35800	98.276	58	1	0	43	100	100	43	4.53e-25	102	100	100	1/-1	Scaffold_1_35701..35800	58
Scaffold_1_40101..40200	Scaffold_1_42901..43000	96.154	52	2	0	49	100	1	52	4.57e-20	86.1	100	100	1/1	Scaffold_1_42901..43000	52
Scaffold_1_40201..40300	Scaffold_1_40201..40300	100.000	100	0	0	1	100	1	100	4.38e-50	185	100	100	1/1	Scaffold_1_40201..40300	100
Scaffold_1_40201..40300	Scaffold_1_35601..35700	89.552	67	7	0	34	100	100	34	4.57e-20	86.1	100	100	1/-1	Scaffold_1_35601..35700	67
Scaffold_1_40301..40400	Scaffold_1_40301..40400	100.000	100	0	0	1	100	1	100	4.38e-50	185	100	100	1/1	Scaffold_1_40301..40400	100
Scaffold_1_40401..40500	Scaffold_1_40401..40500	100.000	100	0	0	1	100	1	100	4.38e-50	185	100	100	1/1	Scaffold_1_40401..40500	100
Scaffold_1_40501..40600	Scaffold_1_40501..40600	100.000	100	0	0	1	100	1	100	4.38e-50	185	100	100	1/1	Scaffold_1_40501..40600	100
Scaffold_1_40601..40700	Scaffold_1_40601..40700	100.000	100	0	0	1	100	1	100	4.38e-50	185	100	100	1/1	Scaffold_1_40601..40700	100
Scaffold_1_40701..40800	Scaffold_1_40701..40800	100.000	100	0	0	1	100	1	100	4.38e-50	185	100	100	1/1	Scaffold_1_40701..40800	100
Scaffold_1_40801..40900	Scaffold_1_40801..40900	100.000	100	0	0	1	100	1	100	4.38e-50	185	100	100	1/1	Scaffold_1_40801..40900	100
Scaffold_1_40901..41000	Scaffold_1_40901..41000	100.000	100	0	0	1	100	1	100	4.38e-50	185	100	100	1/1	Scaffold_1_40901..41000	100
Scaffold_1_41001..41100	Scaffold_1_41001..41100	100.000	100	0	0	1	100	1	100	4.38e-50	185	100	100	1/1	Scaffold_1_41001..41100	100
Scaffold_1_41101..41200	Scaffold_1_41101..41200	100.000	100	0	0	1	100	1	100	4.38e-50	185	100	100	1/1	Scaffold_1_41101..41200	100
Scaffold_1_41201..41300	Scaffold_1_41201..41300	100.000	100	0	0	1	100	1	100	4.38e-50	185	100	100	1/1	Scaffold_1_41201..41300	100
Scaffold_1_41301..41400	Scaffold_1_41301..41400	100.000	100	0	0	1	100	1	100	4.38e-50	185	100	100	1/1	Scaffold_1_41301..41400	100
Scaffold_1_41401..41500	Scaffold_1_41401..41500	100.000	100	0	0	1	100	1	100	4.38e-50	185	100	100	1/1	Scaffold_1_41401..41500	100
Scaffold_1_41501..41600	Scaffold_1_41501..41600	100.000	100	0	0	1	100	1	100	4.38e-50	185	100	100	1/1	Scaffold_1_41501..41600	100
Scaffold_1_41601..41700	Scaffold_1_41601..41700	100.000	100	0	0	1	100	1	100	4.38e-50	185	100	100	1/1	Scaffold_1_41601..41700	100
Scaffold_1_41701..41800	Scaffold_1_41701..41800	100.000	100	0	0	1	100	1	100	4.38e-50	185	100	100	1/1	Scaffold_1_41701..41800	100
Scaffold_1_41801..41900	Scaffold_1_41801..41900	100.000	100	0	0	1	100	1	100	4.38e-50	185	100	100	1/1	Scaffold_1_41801..41900	100
Scaffold_1_41901..42000	Scaffold_1_41901..42000	100.000	100	0	0	1	100	1	100	4.38e-50	185	100	100	1/1	Scaffold_1_41901..42000	100
Scaffold_1_42001..42100	Scaffold_1_42001..42100	100.000	100	0	0	1	100	1	100	4.38e-50	185	100	100	1/1	Scaffold_1_42001..42100	100
Scaffold_1_42101..42200	Scaffold_1_42101..42200	100.000	100	0	0	1	100	1	100	4.38e-50	185	100	100	1/1	Scaffold_1_42101..42200	100
Scaffold_1_42201..42300	Scaffold_1_42201..42300	100.000	100	0	0	1	100	1	100	4.38e-50	185	100	100	1/1	Scaffold_1_42201..42300	100
Scaffold_1_42301..42400	Scaffold_1_42301..42400	100.000	100	0	0	1	100	1	100	4.38e-50	185	100	100	1/1	Scaffold_1_42301..42400	100
Scaffold_1_42401..42500	Scaffold_1_42401..42500	100.000	100	0	0	1	100	1	100	4.38e-50	185	100	100	1/1	Scaffold_1_42401..42500	100
Scaffold_1_42401..42500	Scaffold_1_33601..33700	95.745	47	2	0	1	47	59	13	2.75e-17	76.8	100	100	1/-1	Scaffold_1_33601..33700	47
Scaffold_1_42501..42600	Scaffold_1_42501..42600	100.000	100	0	0	1	100	1	100	4.38e-50	185	100	100	1/1	Scaffold_1_42501..42600	100
Scaffold_1_42601..42700	Scaffold_1_42601..42700	100.000	100	0	0	1	100	1	100	4.38e-50	185	100	100	1/1	Scaffold_1_42601..42700	100
Scaffold_1_42601..42700	Scaffold_1_36401..36500	90.123	81	8	0	20	100	2	82	3.50e-26	106	100	100	1/1	Scaffold_1_36401..36500	81
Scaffold_1_42701..42800	Scaffold_1_42701..42800	100.000	100	0	0	1	100	1	100	4.38e-50	185	100	100	1/1	Scaffold_1_42701..42800	100
Scaffold_1_42801..42900	Scaffold_1_42801..42900	100.000	100	0	0	1	100	1	100	4.38e-50	185	100	100	1/1	Scaffold_1_42801..42900	100
Scaffold_1_42901..43000	Scaffold_1_42901..43000	100.000	100	0	0	1	100	1	100	4.38e-50	185	100	100	1/1	Scaffold_1_42901..43000	100
Scaffold_1_42901..43000	Scaffold_1_35701..35800	96.774	93	3	0	1	93	94	2	3.43e-41	156	100	100	1/-1	Scaffold_1_35701..35800	93
Scaffold_1_42901..43000	Scaffold_1_40101..40200	96.154	52	2	0	1	52	49	100	4.57e-20	86.1	100	100	1/1	Scaffold_1_40101..40200	52
Scaffold_1_43001..43100	Scaffold_1_43001..43100	100.000	100	0	0	1	100	1	100	4.38e-50	185	100	100	1/1	Scaffold_1_43001..43100	100
Scaffold_1_43101..43200	Scaffold_1_43101..43200	100.000	100	0	0	1	100	1	100	4.38e-50	185	100	100	1/1	Scaffold_1_43101..43200	100
Scaffold_1_43201..43300	Scaffold_1_43201..43300	100.000	100	0	0	1	100	1	100	4.38e-50	185	100	100	1/1	Scaffold_1_43201..43300	100
Scaffold_1_43301..43400	Scaffold_1_43301..43400	100.000	100	0	0	1	100	1	100	4.38e-50	185	100	100	1/1	Scaffold_1_43301..43400	100
Scaffold_1_43401..43500	Scaffold_1_43401..43500	100.000	100	0	0	1	100	1	100	4.38e-50	185	100	100	1/1	Scaffold_1_43401..43500	100
Scaffold_1_43501..43600	Scaffold_1_43501..43600	100.000	100	0	0	1	100	1	100	4.38e-50	185	100	100	1/1	Scaffold_1_43501..43600	100
Scaffold_1_43601..43700	Scaffold_1_43601..43700	100.000	100	0	0	1	100	1	100	4.38e-50	185	100	100	1/1	Scaffold_1_43601..43700	100
Scaffold_1_43701..43800	Scaffold_1_43701..43800	100.000	100	0	0	1	100	1	100	4.38e-50	185	100	100	1/1	Scaffold_1_43701..43800	100
Scaffold_1_43801..43900	Scaffold_1_43801..43900	100.000	100	0	0	1	100	1	100	4.38e-50	185	100	100	1/1	Scaffold_1_43801..43900	100
Scaffold_1_43901..44000	Scaffold_1_43901..44000	100.000	100	0	0	1	100	1	100	4.38e-50	185	100	100	1/1	Scaffold_1_43901..44000	100
Scaffold_1_44001..44100	Scaffold_1_44001..44100	100.000	100	0	0	1	100	1	100	4.38e-50	185	100	100	1/1	Scaffold_1_44001..44100	100
Scaffold_1_44101..44200	Scaffold_1_44101..44200	100.000	100	0	0	1	100	1	100	4.38e-50	185	100	100	1/1	Scaffold_1_44101..44200	100
Scaffold_1_44201..44300	Scaffold_1_44201..44300	100.000	100	0	0	1	100	1	100	4.38e-50	185	100	100	1/1	Scaffold_1_44201..44300	100
Scaffold_1_44301..44400	Scaffold_1_44301..44400	100.000	100	0	0	1	100	1	100	4.38e-50	185	100	100	1/1	Scaffold_1_44301..44400	100
Scaffold_1_44401..44500	Scaffold_1_44401..44500	100.000	100	0	0	1	100	1	100	4.38e-50	185	100	100	1/1	Scaffold_1_44401..44500	100
Scaffold_1_44501..44600	Scaffold_1_44501..44600	100.000	100	0	0	1	100	1	100	4.38e-50	185	100	100	1/1	Scaffold_1_44501..44600	100
Scaffold_1_44601..44700	Scaffold_1_44601..44700	100.000	100	0	0	1	100	1	100	4.38e-50	185	100	100	1/1	Scaffold_1_44601..44700	100
Scaffold_1_44701..44800	Scaffold_1_44701..44800	100.000	100	0	0	1	100	1	100	4.38e-50	185	100	100	1/1	Scaffold_1_44701..44800	100
Scaffold_1_44801..44900	Scaffold_1_44801..44900	100.000	100	0	0	1	100	1	100	4.38e-50	185	100	100	1/1	Scaffold_1_44801..44900	100
Scaffold_1_44901..45000	Scaffold_1_44901..45000	100.000	100	0	0	1	100	1	100	4.38e-50	185	100	100	1/1	Scaffold_1_44901..45000	100
