Scaffold_1_35001..35100	Scaffold_1_35001..35100	100.000	100	0	0	1	100	1	100	4.38e-50	185	100	100	1/1	Scaffold_1_35001..35100	100
Scaffold_1_35001..35100	Scaffold_1_34601..34700	95.000	40	2	0	1	40	87	48	2.14e-13	63.9	100	100	1/-1	Scaffold_1_34601..34700	40
Scaffold_1_35101..35200	Scaffold_1_35101..35200	100.000	100	0	0	1	100	1	100	4.38e-50	185	100	100	1/1	Scaffold_1_35101..35200	100
Scaffold_1_35201..35300	Scaffold_1_35201..35300	100.000	100	0	0	1	100	1	100	4.38e-50	185	100	100	1/1	Scaffold_1_35201..35300	100
Scaffold_1_35301..35400	Scaffold_1_35301..35400	100.000	100	0	0	1	100	1	100	4.38e-50	185	100	100	1/1	Scaffold_1_35301..35400	100
Scaffold_1_35401..35500	Scaffold_1_35401..35500	100.000	100	0	0	1	100	1	100	4.38e-50	185	100	100	1/1	Scaffold_1_35401..35500	100
Scaffold_1_35501..35600	Scaffold_1_35501..35600	100.000	100	0	0	1	100	1	100	4.38e-50	185	100	100	1/1	Scaffold_1_35501..35600	100
Scaffold_1_35601..35700	Scaffold_1_35601..35700	100.000	100	0	0	1	100	1	100	4.38e-50	185	100	100	1/1	Scaffold_1_35601..35700	100
Scaffold_1_35601..35700	Scaffold_1_40201..40300	90.625	64	6	0	37	100	97	34	4.57e-20	86.1	100	100	1/-1	Scaffold_1_40201..40300	64
Scaffold_1_35701..35800	Scaffold_1_35701..35800	100.000	100	0	0	1	100	1	100	4.38e-50	185	100	100	1/1	Scaffold_1_35701..35800	100
Scaffold_1_35701..35800	Scaffold_1_42901..43000	96.774	93	3	0	2	94	93	1	3.43e-41	156	100	100	1/-1	Scaffold_1_42901..43000	93
Scaffold_1_35701..35800	Scaffold_1_40101..40200	98.276	58	1	0	43	100	100	43	4.53e-25	102	100	100	1/-1	Scaffold_1_40101..40200	58
Scaffold_1_35801..35900	Scaffold_1_35801..35900	100.000	100	0	0	1	100	1	100	4.38e-50	185	100	100	1/1	Scaffold_1_35801..35900	100
Scaffold_1_35901..36000	Scaffold_1_35901..36000	100.000	100	0	0	1	100	1	100	4.38e-50	185	100	100	1/1	Scaffold_1_35901..36000	100
Scaffold_1_36001..36100	Scaffold_1_36001..36100	100.000	100	0	0	1	100	1	100	4.38e-50	185	100	100	1/1	Scaffold_1_36001..36100	100
Scaffold_1_36101..36200	Scaffold_1_36101..36200	100.000	100	0	0	1	100	1	100	4.38e-50	185	100	100	1/1	Scaffold_1_36101..36200	100
Scaffold_1_36201..36300	Scaffold_1_36201..36300	100.000	100	0	0	1	100	1	100	4.38e-50	185	100	100	1/1	Scaffold_1_36201..36300	100
Scaffold_1_36301..36400	Scaffold_1_36301..36400	100.000	100	0	0	1	100	1	100	4.38e-50	185	100	100	1/1	Scaffold_1_36301..36400	100
Scaffold_1_36401..36500	Scaffold_1_36401..36500	100.000	100	0	0	1	100	1	100	4.38e-50	185	100	100	1/1	Scaffold_1_36401..36500	100
Scaffold_1_36401..36500	Scaffold_1_42601..42700	90.123	81	8	0	2	82	20	100	3.50e-26	106	100	100	1/1	Scaffold_1_42601..42700	81
Scaffold_1_36501..36600	Scaffold_1_36501..36600	100.000	100	0	0	1	100	1	100	4.38e-50	185	100	100	1/1	Scaffold_1_36501..36600	100
Scaffold_1_36601..36700	Scaffold_1_36601..36700	100.000	100	0	0	1	100	1	100	4.38e-50	185	100	100	1/1	Scaffold_1_36601..36700	100
Scaffold_1_36701..36800	Scaffold_1_36701..36800	100.000	100	0	0	1	100	1	100	4.38e-50	185	100	100	1/1	Scaffold_1_36701..36800	100
Scaffold_1_36801..36900	Scaffold_1_36801..36900	100.000	100	0	0	1	100	1	100	4.38e-50	185	100	100	1/1	Scaffold_1_36801..36900	100
Scaffold_1_36901..37000	Scaffold_1_36901..37000	100.000	100	0	0	1	100	1	100	4.38e-50	185	100	100	1/1	Scaffold_1_36901..37000	100
Scaffold_1_37001..37100	Scaffold_1_37001..37100	100.000	100	0	0	1	100	1	100	4.38e-50	185	100	100	1/1	Scaffold_1_37001..37100	100
Scaffold_1_37101..37200	Scaffold_1_37101..37200	100.000	100	0	0	1	100	1	100	4.38e-50	185	100	100	1/1	Scaffold_1_37101..37200	100
Scaffold_1_37201..37300	Scaffold_1_37201..37300	100.000	100	0	0	1	100	1	100	4.38e-50	185	100	100	1/1	Scaffold_1_37201..37300	100
Scaffold_1_37301..37400	Scaffold_1_37301..37400	100.000	100	0	0	1	100	1	100	4.38e-50	185	100	100	1/1	Scaffold_1_37301..37400	100
Scaffold_1_37401..37500	Scaffold_1_37401..37500	100.000	100	0	0	1	100	1	100	4.38e-50	185	100	100	1/1	Scaffold_1_37401..37500	100
Scaffold_1_37501..37600	Scaffold_1_37501..37600	100.000	100	0	0	1	100	1	100	4.38e-50	185	100	100	1/1	Scaffold_1_37501..37600	100
Scaffold_1_37601..37700	Scaffold_1_37601..37700	100.000	100	0	0	1	100	1	100	4.38e-50	185	100	100	1/1	Scaffold_1_37601..37700	100
Scaffold_1_37701..37800	Scaffold_1_37701..37800	100.000	100	0	0	1	100	1	100	4.38e-50	185	100	100	1/1	Scaffold_1_37701..37800	100
Scaffold_1_37801..37900	Scaffold_1_37801..37900	100.000	100	0	0	1	100	1	100	4.38e-50	185	100	100	1/1	Scaffold_1_37801..37900	100
Scaffold_1_37901..38000	Scaffold_1_37901..38000	100.000	100	0	0	1	100	1	100	4.38e-50	185	100	100	1/1	Scaffold_1_37901..38000	100
Scaffold_1_38001..38100	Scaffold_1_38001..38100	100.000	100	0	0	1	100	1	100	4.38e-50	185	100	100	1/1	Scaffold_1_38001..38100	100
Scaffold_1_38101..38200	Scaffold_1_38101..38200	100.000	100	0	0	1	100	1	100	4.38e-50	185	100	100	1/1	Scaffold_1_38101..38200	100
Scaffold_1_38201..38300	Scaffold_1_38201..38300	100.000	100	0	0	1	100	1	100	4.38e-50	185	100	100	1/1	Scaffold_1_38201..38300	100
Scaffold_1_38301..38400	Scaffold_1_38301..38400	100.000	100	0	0	1	100	1	100	4.38e-50	185	100	100	1/1	Scaffold_1_38301..38400	100
Scaffold_1_38401..38500	Scaffold_1_38401..38500	100.000	100	0	0	1	100	1	100	4.38e-50	185	100	100	1/1	Scaffold_1_38401..38500	100
Scaffold_1_38501..38600	Scaffold_1_38501..38600	100.000	100	0	0	1	100	1	100	4.38e-50	185	100	100	1/1	Scaffold_1_38501..38600	100
Scaffold_1_38601..38700	Scaffold_1_38601..38700	100.000	100	0	0	1	100	1	100	4.38e-50	185	100	100	1/1	Scaffold_1_38601..38700	100
Scaffold_1_38701..38800	Scaffold_1_38701..38800	100.000	100	0	0	1	100	1	100	4.38e-50	185	100	100	1/1	Scaffold_1_38701..38800	100
Scaffold_1_38801..38900	Scaffold_1_38801..38900	100.000	100	0	0	1	100	1	100	4.38e-50	185	100	100	1/1	Scaffold_1_38801..38900	100
Scaffold_1_38901..39000	Scaffold_1_38901..39000	100.000	100	0	0	1	100	1	100	4.38e-50	185	100	100	1/1	Scaffold_1_38901..39000	100
Scaffold_1_39001..39100	Scaffold_1_39001..39100	100.000	100	0	0	1	100	1	100	4.38e-50	185	100	100	1/1	Scaffold_1_39001..39100	100
Scaffold_1_39101..39200	Scaffold_1_39101..39200	100.000	100	0	0	1	100	1	100	4.38e-50	185	100	100	1/1	Scaffold_1_39101..39200	100
Scaffold_1_39201..39300	Scaffold_1_39201..39300	100.000	100	0	0	1	100	1	100	4.38e-50	185	100	100	1/1	Scaffold_1_39201..39300	100
Scaffold_1_39301..39400	Scaffold_1_39301..39400	100.000	100	0	0	1	100	1	100	4.38e-50	185	100	100	1/1	Scaffold_1_39301..39400	100
Scaffold_1_39401..39500	Scaffold_1_39401..39500	100.000	100	0	0	1	100	1	100	4.38e-50	185	100	100	1/1	Scaffold_1_39401..39500	100
Scaffold_1_39501..39600	Scaffold_1_39501..39600	100.000	100	0	0	1	100	1	100	4.38e-50	185	100	100	1/1	Scaffold_1_39501..39600	100
Scaffold_1_39601..39700	Scaffold_1_39601..39700	100.000	100	0	0	1	100	1	100	4.38e-50	185	100	100	1/1	Scaffold_1_39601..39700	100
Scaffold_1_39701..39800	Scaffold_1_39701..39800	100.000	100	0	0	1	100	1	100	4.38e-50	185	100	100	1/1	Scaffold_1_39701..39800	100
Scaffold_1_39801..39900	Scaffold_1_39801..39900	100.000	100	0	0	1	100	1	100	4.38e-50	185	100	100	1/1	Scaffold_1_39801..39900	100
Scaffold_1_39901..40000	Scaffold_1_39901..40000	100.000	100	0	0	1	100	1	100	4.38e-50	185	100	100	1/1	Scaffold_1_39901..40000	100
