Scaffold_1_1..100	Scaffold_1_1..100	100.000	100	0	0	1	100	1	100	4.38e-50	185	100	100	1/1	Scaffold_1_1..100	100
Scaffold_1_101..200	Scaffold_1_101..200	100.000	100	0	0	1	100	1	100	4.38e-50	185	100	100	1/1	Scaffold_1_101..200	100
Scaffold_1_201..300	Scaffold_1_201..300	100.000	100	0	0	1	100	1	100	4.38e-50	185	100	100	1/1	Scaffold_1_201..300	100
Scaffold_1_301..400	Scaffold_1_301..400	100.000	100	0	0	1	100	1	100	4.38e-50	185	100	100	1/1	Scaffold_1_301..400	100
Scaffold_1_401..500	Scaffold_1_401..500	100.000	100	0	0	1	100	1	100	4.38e-50	185	100	100	1/1	Scaffold_1_401..500	100
Scaffold_1_501..600	Scaffold_1_501..600	100.000	100	0	0	1	100	1	100	4.38e-50	185	100	100	1/1	Scaffold_1_501..600	100
Scaffold_1_601..700	Scaffold_1_601..700	100.000	100	0	0	1	100	1	100	4.38e-50	185	100	100	1/1	Scaffold_1_601..700	100
Scaffold_1_701..800	Scaffold_1_701..800	100.000	100	0	0	1	100	1	100	4.38e-50	185	100	100	1/1	Scaffold_1_701..800	100
Scaffold_1_801..900	Scaffold_1_801..900	100.000	100	0	0	1	100	1	100	4.38e-50	185	100	100	1/1	Scaffold_1_801..900	100
Scaffold_1_901..1000	Scaffold_1_901..1000	100.000	100	0	0	1	100	1	100	4.38e-50	185	100	100	1/1	Scaffold_1_901..1000	100
Scaffold_1_1001..1100	Scaffold_1_1001..1100	100.000	100	0	0	1	100	1	100	4.38e-50	185	100	100	1/1	Scaffold_1_1001..1100	100
Scaffold_1_1101..1200	Scaffold_1_1101..1200	100.000	100	0	0	1	100	1	100	4.38e-50	185	100	100	1/1	Scaffold_1_1101..1200	100
Scaffold_1_1201..1300	Scaffold_1_1201..1300	100.000	100	0	0	1	100	1	100	4.38e-50	185	100	100	1/1	Scaffold_1_1201..1300	100
Scaffold_1_1301..1400	Scaffold_1_1301..1400	100.000	100	0	0	1	100	1	100	4.38e-50	185	100	100	1/1	Scaffold_1_1301..1400	100
Scaffold_1_1401..1500	Scaffold_1_1401..1500	100.000	100	0	0	1	100	1	100	4.38e-50	185	100	100	1/1	Scaffold_1_1401..1500	100
Scaffold_1_1501..1600	Scaffold_1_1501..1600	100.000	100	0	0	1	100	1	100	4.38e-50	185	100	100	1/1	Scaffold_1_1501..1600	100
Scaffold_1_1601..1700	Scaffold_1_1601..1700	100.000	100	0	0	1	100	1	100	4.38e-50	185	100	100	1/1	Scaffold_1_1601..1700	100
Scaffold_1_1701..1800	Scaffold_1_1701..1800	100.000	100	0	0	1	100	1	100	4.38e-50	185	100	100	1/1	Scaffold_1_1701..1800	100
Scaffold_1_1801..1900	Scaffold_1_1801..1900	100.000	100	0	0	1	100	1	100	4.38e-50	185	100	100	1/1	Scaffold_1_1801..1900	100
Scaffold_1_1901..2000	Scaffold_1_1901..2000	100.000	100	0	0	1	100	1	100	4.38e-50	185	100	100	1/1	Scaffold_1_1901..2000	100
Scaffold_1_2001..2100	Scaffold_1_2001..2100	100.000	100	0	0	1	100	1	100	4.38e-50	185	100	100	1/1	Scaffold_1_2001..2100	100
Scaffold_1_2101..2200	Scaffold_1_2101..2200	100.000	100	0	0	1	100	1	100	4.38e-50	185	100	100	1/1	Scaffold_1_2101..2200	100
Scaffold_1_2201..2300	Scaffold_1_2201..2300	100.000	100	0	0	1	100	1	100	4.38e-50	185	100	100	1/1	Scaffold_1_2201..2300	100
Scaffold_1_2301..2400	Scaffold_1_2301..2400	100.000	100	0	0	1	100	1	100	4.38e-50	185	100	100	1/1	Scaffold_1_2301..2400	100
Scaffold_1_2401..2500	Scaffold_1_2401..2500	100.000	100	0	0	1	100	1	100	4.38e-50	185	100	100	1/1	Scaffold_1_2401..2500	100
Scaffold_1_2501..2600	Scaffold_1_2501..2600	100.000	100	0	0	1	100	1	100	4.38e-50	185	100	100	1/1	Scaffold_1_2501..2600	100
Scaffold_1_2601..2700	Scaffold_1_2601..2700	100.000	100	0	0	1	100	1	100	4.38e-50	185	100	100	1/1	Scaffold_1_2601..2700	100
Scaffold_1_2701..2800	Scaffold_1_2701..2800	100.000	100	0	0	1	100	1	100	4.38e-50	185	100	100	1/1	Scaffold_1_2701..2800	100
Scaffold_1_2801..2900	Scaffold_1_2801..2900	100.000	100	0	0	1	100	1	100	4.38e-50	185	100	100	1/1	Scaffold_1_2801..2900	100
Scaffold_1_2901..3000	Scaffold_1_2901..3000	100.000	100	0	0	1	100	1	100	4.38e-50	185	100	100	1/1	Scaffold_1_2901..3000	100
Scaffold_1_3001..3100	Scaffold_1_3001..3100	100.000	100	0	0	1	100	1	100	4.38e-50	185	100	100	1/1	Scaffold_1_3001..3100	100
Scaffold_1_3101..3200	Scaffold_1_3101..3200	100.000	100	0	0	1	100	1	100	4.38e-50	185	100	100	1/1	Scaffold_1_3101..3200	100
Scaffold_1_3201..3300	Scaffold_1_3201..3300	100.000	100	0	0	1	100	1	100	4.38e-50	185	100	100	1/1	Scaffold_1_3201..3300	100
Scaffold_1_3301..3400	Scaffold_1_3301..3400	100.000	100	0	0	1	100	1	100	4.38e-50	185	100	100	1/1	Scaffold_1_3301..3400	100
Scaffold_1_3401..3500	Scaffold_1_3401..3500	100.000	100	0	0	1	100	1	100	4.38e-50	185	100	100	1/1	Scaffold_1_3401..3500	100
Scaffold_1_3501..3600	Scaffold_1_3501..3600	100.000	100	0	0	1	100	1	100	4.38e-50	185	100	100	1/1	Scaffold_1_3501..3600	100
Scaffold_1_3601..3700	Scaffold_1_3601..3700	100.000	100	0	0	1	100	1	100	4.38e-50	185	100	100	1/1	Scaffold_1_3601..3700	100
Scaffold_1_3701..3800	Scaffold_1_3701..3800	100.000	100	0	0	1	100	1	100	4.38e-50	185	100	100	1/1	Scaffold_1_3701..3800	100
Scaffold_1_3801..3900	Scaffold_1_3801..3900	100.000	100	0	0	1	100	1	100	4.38e-50	185	100	100	1/1	Scaffold_1_3801..3900	100
Scaffold_1_3901..4000	Scaffold_1_3901..4000	100.000	100	0	0	1	100	1	100	4.38e-50	185	100	100	1/1	Scaffold_1_3901..4000	100
Scaffold_1_4001..4100	Scaffold_1_4001..4100	100.000	100	0	0	1	100	1	100	4.38e-50	185	100	100	1/1	Scaffold_1_4001..4100	100
Scaffold_1_4101..4200	Scaffold_1_4101..4200	100.000	100	0	0	1	100	1	100	4.38e-50	185	100	100	1/1	Scaffold_1_4101..4200	100
Scaffold_1_4201..4300	Scaffold_1_4201..4300	100.000	100	0	0	1	100	1	100	4.38e-50	185	100	100	1/1	Scaffold_1_4201..4300	100
Scaffold_1_4301..4400	Scaffold_1_4301..4400	100.000	100	0	0	1	100	1	100	4.38e-50	185	100	100	1/1	Scaffold_1_4301..4400	100
Scaffold_1_4401..4500	Scaffold_1_4401..4500	100.000	100	0	0	1	100	1	100	4.38e-50	185	100	100	1/1	Scaffold_1_4401..4500	100
Scaffold_1_4501..4600	Scaffold_1_4501..4600	100.000	100	0	0	1	100	1	100	4.38e-50	185	100	100	1/1	Scaffold_1_4501..4600	100
Scaffold_1_4601..4700	Scaffold_1_4601..4700	100.000	100	0	0	1	100	1	100	4.38e-50	185	100	100	1/1	Scaffold_1_4601..4700	100
Scaffold_1_4701..4800	Scaffold_1_4701..4800	100.000	100	0	0	1	100	1	100	4.38e-50	185	100	100	1/1	Scaffold_1_4701..4800	100
Scaffold_1_4801..4900	Scaffold_1_4801..4900	100.000	100	0	0	1	100	1	100	4.38e-50	185	100	100	1/1	Scaffold_1_4801..4900	100
Scaffold_1_4901..5000	Scaffold_1_4901..5000	100.000	100	0	0	1	100	1	100	4.38e-50	185	100	100	1/1	Scaffold_1_4901..5000	100
