Scaffold_1_25001..25100	Scaffold_1_25001..25100	100.000	100	0	0	1	100	1	100	4.38e-50	185	100	100	1/1	Scaffold_1_25001..25100	100
Scaffold_1_25101..25200	Scaffold_1_25101..25200	100.000	100	0	0	1	100	1	100	4.38e-50	185	100	100	1/1	Scaffold_1_25101..25200	100
Scaffold_1_25201..25300	Scaffold_1_25201..25300	100.000	100	0	0	1	100	1	100	4.38e-50	185	100	100	1/1	Scaffold_1_25201..25300	100
Scaffold_1_25301..25400	Scaffold_1_25301..25400	100.000	100	0	0	1	100	1	100	4.38e-50	185	100	100	1/1	Scaffold_1_25301..25400	100
Scaffold_1_25401..25500	Scaffold_1_25401..25500	100.000	100	0	0	1	100	1	100	4.38e-50	185	100	100	1/1	Scaffold_1_25401..25500	100
Scaffold_1_25501..25600	Scaffold_1_25501..25600	100.000	100	0	0	1	100	1	100	4.38e-50	185	100	100	1/1	Scaffold_1_25501..25600	100
Scaffold_1_25601..25700	Scaffold_1_25601..25700	100.000	100	0	0	1	100	1	100	4.38e-50	185	100	100	1/1	Scaffold_1_25601..25700	100
Scaffold_1_25701..25800	Scaffold_1_25701..25800	100.000	100	0	0	1	100	1	100	4.38e-50	185	100	100	1/1	Scaffold_1_25701..25800	100
Scaffold_1_25801..25900	Scaffold_1_25801..25900	100.000	100	0	0	1	100	1	100	4.38e-50	185	100	100	1/1	Scaffold_1_25801..25900	100
Scaffold_1_25901..26000	Scaffold_1_25901..26000	100.000	100	0	0	1	100	1	100	4.38e-50	185	100	100	1/1	Scaffold_1_25901..26000	100
Scaffold_1_26001..26100	Scaffold_1_26001..26100	100.000	100	0	0	1	100	1	100	4.38e-50	185	100	100	1/1	Scaffold_1_26001..26100	100
Scaffold_1_26101..26200	Scaffold_1_26101..26200	100.000	100	0	0	1	100	1	100	4.38e-50	185	100	100	1/1	Scaffold_1_26101..26200	100
Scaffold_1_26201..26300	Scaffold_1_26201..26300	100.000	100	0	0	1	100	1	100	4.38e-50	185	100	100	1/1	Scaffold_1_26201..26300	100
Scaffold_1_26301..26400	Scaffold_1_26301..26400	100.000	100	0	0	1	100	1	100	4.38e-50	185	100	100	1/1	Scaffold_1_26301..26400	100
Scaffold_1_26401..26500	Scaffold_1_26401..26500	100.000	100	0	0	1	100	1	100	4.38e-50	185	100	100	1/1	Scaffold_1_26401..26500	100
Scaffold_1_26501..26600	Scaffold_1_26501..26600	100.000	100	0	0	1	100	1	100	4.38e-50	185	100	100	1/1	Scaffold_1_26501..26600	100
Scaffold_1_26601..26700	Scaffold_1_26601..26700	100.000	100	0	0	1	100	1	100	4.38e-50	185	100	100	1/1	Scaffold_1_26601..26700	100
Scaffold_1_26701..26800	Scaffold_1_26701..26800	100.000	100	0	0	1	100	1	100	4.38e-50	185	100	100	1/1	Scaffold_1_26701..26800	100
Scaffold_1_26801..26900	Scaffold_1_26801..26900	100.000	100	0	0	1	100	1	100	4.38e-50	185	100	100	1/1	Scaffold_1_26801..26900	100
Scaffold_1_26901..27000	Scaffold_1_26901..27000	100.000	100	0	0	1	100	1	100	4.38e-50	185	100	100	1/1	Scaffold_1_26901..27000	100
Scaffold_1_27001..27100	Scaffold_1_27001..27100	100.000	100	0	0	1	100	1	100	4.38e-50	185	100	100	1/1	Scaffold_1_27001..27100	100
Scaffold_1_27101..27200	Scaffold_1_27101..27200	100.000	100	0	0	1	100	1	100	4.38e-50	185	100	100	1/1	Scaffold_1_27101..27200	100
Scaffold_1_27201..27300	Scaffold_1_27201..27300	100.000	100	0	0	1	100	1	100	4.38e-50	185	100	100	1/1	Scaffold_1_27201..27300	100
Scaffold_1_27301..27400	Scaffold_1_27301..27400	100.000	100	0	0	1	100	1	100	4.38e-50	185	100	100	1/1	Scaffold_1_27301..27400	100
Scaffold_1_27401..27500	Scaffold_1_27401..27500	100.000	100	0	0	1	100	1	100	4.38e-50	185	100	100	1/1	Scaffold_1_27401..27500	100
Scaffold_1_27501..27600	Scaffold_1_27501..27600	100.000	100	0	0	1	100	1	100	4.38e-50	185	100	100	1/1	Scaffold_1_27501..27600	100
Scaffold_1_27601..27700	Scaffold_1_27601..27700	100.000	100	0	0	1	100	1	100	4.38e-50	185	100	100	1/1	Scaffold_1_27601..27700	100
Scaffold_1_27701..27800	Scaffold_1_27701..27800	100.000	100	0	0	1	100	1	100	4.38e-50	185	100	100	1/1	Scaffold_1_27701..27800	100
Scaffold_1_27701..27800	Scaffold_1_27801..27900	93.651	63	4	0	38	100	5	67	7.59e-23	95.3	100	100	1/1	Scaffold_1_27801..27900	63
Scaffold_1_27801..27900	Scaffold_1_27801..27900	100.000	100	0	0	1	100	1	100	4.38e-50	185	100	100	1/1	Scaffold_1_27801..27900	100
Scaffold_1_27801..27900	Scaffold_1_27701..27800	93.651	63	4	0	5	67	38	100	7.59e-23	95.3	100	100	1/1	Scaffold_1_27701..27800	63
Scaffold_1_27901..28000	Scaffold_1_27901..28000	100.000	100	0	0	1	100	1	100	4.38e-50	185	100	100	1/1	Scaffold_1_27901..28000	100
Scaffold_1_28001..28100	Scaffold_1_28001..28100	100.000	100	0	0	1	100	1	100	4.38e-50	185	100	100	1/1	Scaffold_1_28001..28100	100
Scaffold_1_28101..28200	Scaffold_1_28101..28200	100.000	100	0	0	1	100	1	100	4.38e-50	185	100	100	1/1	Scaffold_1_28101..28200	100
Scaffold_1_28201..28300	Scaffold_1_28201..28300	100.000	100	0	0	1	100	1	100	4.38e-50	185	100	100	1/1	Scaffold_1_28201..28300	100
Scaffold_1_28301..28400	Scaffold_1_28301..28400	100.000	100	0	0	1	100	1	100	4.38e-50	185	100	100	1/1	Scaffold_1_28301..28400	100
Scaffold_1_28401..28500	Scaffold_1_28401..28500	100.000	100	0	0	1	100	1	100	4.38e-50	185	100	100	1/1	Scaffold_1_28401..28500	100
Scaffold_1_28501..28600	Scaffold_1_28501..28600	100.000	100	0	0	1	100	1	100	4.38e-50	185	100	100	1/1	Scaffold_1_28501..28600	100
Scaffold_1_28601..28700	Scaffold_1_28601..28700	100.000	100	0	0	1	100	1	100	4.38e-50	185	100	100	1/1	Scaffold_1_28601..28700	100
Scaffold_1_28701..28800	Scaffold_1_28701..28800	100.000	100	0	0	1	100	1	100	4.38e-50	185	100	100	1/1	Scaffold_1_28701..28800	100
Scaffold_1_28801..28900	Scaffold_1_28801..28900	100.000	100	0	0	1	100	1	100	4.38e-50	185	100	100	1/1	Scaffold_1_28801..28900	100
Scaffold_1_28901..29000	Scaffold_1_28901..29000	100.000	100	0	0	1	100	1	100	4.38e-50	185	100	100	1/1	Scaffold_1_28901..29000	100
Scaffold_1_29001..29100	Scaffold_1_29001..29100	100.000	100	0	0	1	100	1	100	4.38e-50	185	100	100	1/1	Scaffold_1_29001..29100	100
Scaffold_1_29101..29200	Scaffold_1_29101..29200	100.000	100	0	0	1	100	1	100	4.38e-50	185	100	100	1/1	Scaffold_1_29101..29200	100
Scaffold_1_29201..29300	Scaffold_1_29201..29300	100.000	100	0	0	1	100	1	100	4.38e-50	185	100	100	1/1	Scaffold_1_29201..29300	100
Scaffold_1_29301..29400	Scaffold_1_29301..29400	100.000	100	0	0	1	100	1	100	4.38e-50	185	100	100	1/1	Scaffold_1_29301..29400	100
Scaffold_1_29401..29500	Scaffold_1_29401..29500	100.000	100	0	0	1	100	1	100	4.38e-50	185	100	100	1/1	Scaffold_1_29401..29500	100
Scaffold_1_29501..29600	Scaffold_1_29501..29600	100.000	100	0	0	1	100	1	100	4.38e-50	185	100	100	1/1	Scaffold_1_29501..29600	100
Scaffold_1_29601..29700	Scaffold_1_29601..29700	100.000	100	0	0	1	100	1	100	4.38e-50	185	100	100	1/1	Scaffold_1_29601..29700	100
Scaffold_1_29701..29800	Scaffold_1_29701..29800	100.000	100	0	0	1	100	1	100	4.38e-50	185	100	100	1/1	Scaffold_1_29701..29800	100
Scaffold_1_29801..29900	Scaffold_1_29801..29900	100.000	100	0	0	1	100	1	100	4.38e-50	185	100	100	1/1	Scaffold_1_29801..29900	100
Scaffold_1_29901..30000	Scaffold_1_29901..30000	100.000	100	0	0	1	100	1	100	4.38e-50	185	100	100	1/1	Scaffold_1_29901..30000	100
