Scaffold_1_30001..30100	Scaffold_1_30001..30100	100.000	100	0	0	1	100	1	100	4.38e-50	185	100	100	1/1	Scaffold_1_30001..30100	100
Scaffold_1_30101..30200	Scaffold_1_30101..30200	100.000	100	0	0	1	100	1	100	4.38e-50	185	100	100	1/1	Scaffold_1_30101..30200	100
Scaffold_1_30201..30300	Scaffold_1_30201..30300	100.000	100	0	0	1	100	1	100	4.38e-50	185	100	100	1/1	Scaffold_1_30201..30300	100
Scaffold_1_30301..30400	Scaffold_1_30301..30400	100.000	100	0	0	1	100	1	100	4.38e-50	185	100	100	1/1	Scaffold_1_30301..30400	100
Scaffold_1_30401..30500	Scaffold_1_30401..30500	100.000	100	0	0	1	100	1	100	4.38e-50	185	100	100	1/1	Scaffold_1_30401..30500	100
Scaffold_1_30501..30600	Scaffold_1_30501..30600	100.000	100	0	0	1	100	1	100	4.38e-50	185	100	100	1/1	Scaffold_1_30501..30600	100
Scaffold_1_30601..30700	Scaffold_1_30601..30700	100.000	100	0	0	1	100	1	100	4.38e-50	185	100	100	1/1	Scaffold_1_30601..30700	100
Scaffold_1_30701..30800	Scaffold_1_30701..30800	100.000	100	0	0	1	100	1	100	4.38e-50	185	100	100	1/1	Scaffold_1_30701..30800	100
Scaffold_1_30801..30900	Scaffold_1_30801..30900	100.000	100	0	0	1	100	1	100	4.38e-50	185	100	100	1/1	Scaffold_1_30801..30900	100
Scaffold_1_30901..31000	Scaffold_1_30901..31000	100.000	100	0	0	1	100	1	100	4.38e-50	185	100	100	1/1	Scaffold_1_30901..31000	100
Scaffold_1_31001..31100	Scaffold_1_31001..31100	100.000	100	0	0	1	100	1	100	4.38e-50	185	100	100	1/1	Scaffold_1_31001..31100	100
Scaffold_1_31101..31200	Scaffold_1_31101..31200	100.000	100	0	0	1	100	1	100	4.38e-50	185	100	100	1/1	Scaffold_1_31101..31200	100
Scaffold_1_31201..31300	Scaffold_1_31201..31300	100.000	100	0	0	1	100	1	100	4.38e-50	185	100	100	1/1	Scaffold_1_31201..31300	100
Scaffold_1_31301..31400	Scaffold_1_31301..31400	100.000	100	0	0	1	100	1	100	4.38e-50	185	100	100	1/1	Scaffold_1_31301..31400	100
Scaffold_1_31401..31500	Scaffold_1_31401..31500	100.000	100	0	0	1	100	1	100	4.38e-50	185	100	100	1/1	Scaffold_1_31401..31500	100
Scaffold_1_31501..31600	Scaffold_1_31501..31600	100.000	100	0	0	1	100	1	100	4.38e-50	185	100	100	1/1	Scaffold_1_31501..31600	100
Scaffold_1_31601..31700	Scaffold_1_31601..31700	100.000	100	0	0	1	100	1	100	4.38e-50	185	100	100	1/1	Scaffold_1_31601..31700	100
Scaffold_1_31701..31800	Scaffold_1_31701..31800	100.000	100	0	0	1	100	1	100	4.38e-50	185	100	100	1/1	Scaffold_1_31701..31800	100
Scaffold_1_31801..31900	Scaffold_1_31801..31900	100.000	100	0	0	1	100	1	100	4.38e-50	185	100	100	1/1	Scaffold_1_31801..31900	100
Scaffold_1_31901..32000	Scaffold_1_31901..32000	100.000	100	0	0	1	100	1	100	4.38e-50	185	100	100	1/1	Scaffold_1_31901..32000	100
Scaffold_1_32001..32100	Scaffold_1_32001..32100	100.000	100	0	0	1	100	1	100	4.38e-50	185	100	100	1/1	Scaffold_1_32001..32100	100
Scaffold_1_32101..32200	Scaffold_1_32101..32200	100.000	100	0	0	1	100	1	100	4.38e-50	185	100	100	1/1	Scaffold_1_32101..32200	100
Scaffold_1_32201..32300	Scaffold_1_32201..32300	100.000	100	0	0	1	100	1	100	4.38e-50	185	100	100	1/1	Scaffold_1_32201..32300	100
Scaffold_1_32301..32400	Scaffold_1_32301..32400	100.000	100	0	0	1	100	1	100	4.38e-50	185	100	100	1/1	Scaffold_1_32301..32400	100
Scaffold_1_32401..32500	Scaffold_1_32401..32500	100.000	100	0	0	1	100	1	100	4.38e-50	185	100	100	1/1	Scaffold_1_32401..32500	100
Scaffold_1_32501..32600	Scaffold_1_32501..32600	100.000	100	0	0	1	100	1	100	4.38e-50	185	100	100	1/1	Scaffold_1_32501..32600	100
Scaffold_1_32601..32700	Scaffold_1_32601..32700	100.000	100	0	0	1	100	1	100	4.38e-50	185	100	100	1/1	Scaffold_1_32601..32700	100
Scaffold_1_32701..32800	Scaffold_1_32701..32800	100.000	100	0	0	1	100	1	100	4.38e-50	185	100	100	1/1	Scaffold_1_32701..32800	100
Scaffold_1_32801..32900	Scaffold_1_32801..32900	100.000	100	0	0	1	100	1	100	4.38e-50	185	100	100	1/1	Scaffold_1_32801..32900	100
Scaffold_1_32901..33000	Scaffold_1_32901..33000	100.000	100	0	0	1	100	1	100	4.38e-50	185	100	100	1/1	Scaffold_1_32901..33000	100
Scaffold_1_33001..33100	Scaffold_1_33001..33100	100.000	100	0	0	1	100	1	100	4.38e-50	185	100	100	1/1	Scaffold_1_33001..33100	100
Scaffold_1_33101..33200	Scaffold_1_33101..33200	100.000	100	0	0	1	100	1	100	4.38e-50	185	100	100	1/1	Scaffold_1_33101..33200	100
Scaffold_1_33201..33300	Scaffold_1_33201..33300	100.000	100	0	0	1	100	1	100	4.38e-50	185	100	100	1/1	Scaffold_1_33201..33300	100
Scaffold_1_33301..33400	Scaffold_1_33301..33400	100.000	100	0	0	1	100	1	100	4.38e-50	185	100	100	1/1	Scaffold_1_33301..33400	100
Scaffold_1_33401..33500	Scaffold_1_33401..33500	100.000	100	0	0	1	100	1	100	4.38e-50	185	100	100	1/1	Scaffold_1_33401..33500	100
Scaffold_1_33501..33600	Scaffold_1_33501..33600	100.000	100	0	0	1	100	1	100	4.38e-50	185	100	100	1/1	Scaffold_1_33501..33600	100
Scaffold_1_33601..33700	Scaffold_1_33601..33700	100.000	100	0	0	1	100	1	100	4.38e-50	185	100	100	1/1	Scaffold_1_33601..33700	100
Scaffold_1_33601..33700	Scaffold_1_12201..12300	93.939	66	2	1	36	99	95	30	5.86e-24	99.0	100	100	1/-1	Scaffold_1_12201..12300	64
Scaffold_1_33601..33700	Scaffold_1_42401..42500	95.745	47	2	0	13	59	47	1	2.75e-17	76.8	100	100	1/-1	Scaffold_1_42401..42500	47
Scaffold_1_33701..33800	Scaffold_1_33701..33800	100.000	100	0	0	1	100	1	100	4.38e-50	185	100	100	1/1	Scaffold_1_33701..33800	100
Scaffold_1_33801..33900	Scaffold_1_33801..33900	100.000	100	0	0	1	100	1	100	4.38e-50	185	100	100	1/1	Scaffold_1_33801..33900	100
Scaffold_1_33901..34000	Scaffold_1_33901..34000	100.000	100	0	0	1	100	1	100	4.38e-50	185	100	100	1/1	Scaffold_1_33901..34000	100
Scaffold_1_34001..34100	Scaffold_1_34001..34100	100.000	100	0	0	1	100	1	100	4.38e-50	185	100	100	1/1	Scaffold_1_34001..34100	100
Scaffold_1_34101..34200	Scaffold_1_34101..34200	100.000	100	0	0	1	100	1	100	4.38e-50	185	100	100	1/1	Scaffold_1_34101..34200	100
Scaffold_1_34201..34300	Scaffold_1_34201..34300	100.000	100	0	0	1	100	1	100	4.38e-50	185	100	100	1/1	Scaffold_1_34201..34300	100
Scaffold_1_34301..34400	Scaffold_1_34301..34400	100.000	100	0	0	1	100	1	100	4.38e-50	185	100	100	1/1	Scaffold_1_34301..34400	100
Scaffold_1_34401..34500	Scaffold_1_34401..34500	100.000	100	0	0	1	100	1	100	4.38e-50	185	100	100	1/1	Scaffold_1_34401..34500	100
Scaffold_1_34501..34600	Scaffold_1_34501..34600	100.000	100	0	0	1	100	1	100	4.38e-50	185	100	100	1/1	Scaffold_1_34501..34600	100
Scaffold_1_34601..34700	Scaffold_1_34601..34700	100.000	100	0	0	1	100	1	100	4.38e-50	185	100	100	1/1	Scaffold_1_34601..34700	100
Scaffold_1_34601..34700	Scaffold_1_35001..35100	95.000	40	2	0	48	87	40	1	2.14e-13	63.9	100	100	1/-1	Scaffold_1_35001..35100	40
Scaffold_1_34701..34800	Scaffold_1_34701..34800	100.000	100	0	0	1	100	1	100	4.38e-50	185	100	100	1/1	Scaffold_1_34701..34800	100
Scaffold_1_34801..34900	Scaffold_1_34801..34900	100.000	100	0	0	1	100	1	100	4.38e-50	185	100	100	1/1	Scaffold_1_34801..34900	100
Scaffold_1_34901..35000	Scaffold_1_34901..35000	100.000	100	0	0	1	100	1	100	4.38e-50	185	100	100	1/1	Scaffold_1_34901..35000	100
