Scaffold_1_5001..5100	Scaffold_1_5001..5100	100.000	100	0	0	1	100	1	100	4.38e-50	185	100	100	1/1	Scaffold_1_5001..5100	100
Scaffold_1_5101..5200	Scaffold_1_5101..5200	100.000	100	0	0	1	100	1	100	4.38e-50	185	100	100	1/1	Scaffold_1_5101..5200	100
Scaffold_1_5201..5300	Scaffold_1_5201..5300	100.000	100	0	0	1	100	1	100	4.38e-50	185	100	100	1/1	Scaffold_1_5201..5300	100
Scaffold_1_5201..5300	Scaffold_1_5201..5300	100.000	32	0	0	69	100	26	57	2.77e-12	60.2	100	100	1/1	Scaffold_1_5201..5300	100
Scaffold_1_5201..5300	Scaffold_1_5201..5300	100.000	32	0	0	26	57	69	100	2.77e-12	60.2	100	100	1/1	Scaffold_1_5201..5300	100
Scaffold_1_5201..5300	Scaffold_1_5701..5800	97.015	67	2	0	28	94	27	93	2.09e-28	113	100	100	1/1	Scaffold_1_5701..5800	67
Scaffold_1_5201..5300	Scaffold_1_5901..6000	93.443	61	2	1	32	90	1	61	3.53e-21	89.8	100	100	1/1	Scaffold_1_5901..6000	59
Scaffold_1_5301..5400	Scaffold_1_5301..5400	100.000	100	0	0	1	100	1	100	4.38e-50	185	100	100	1/1	Scaffold_1_5301..5400	100
Scaffold_1_5301..5400	Scaffold_1_5501..5600	94.805	77	3	1	8	84	25	100	4.50e-30	119	100	100	1/1	Scaffold_1_5501..5600	93
Scaffold_1_5301..5400	Scaffold_1_5501..5600	100.000	48	0	0	53	100	1	48	3.53e-21	89.8	100	100	1/1	Scaffold_1_5501..5600	93
Scaffold_1_5401..5500	Scaffold_1_5401..5500	100.000	100	0	0	1	100	1	100	4.38e-50	185	100	100	1/1	Scaffold_1_5401..5500	100
Scaffold_1_5401..5500	Scaffold_1_5801..5900	88.421	95	5	4	3	92	7	100	2.71e-27	110	100	100	1/1	Scaffold_1_5801..5900	90
Scaffold_1_5401..5500	Scaffold_1_5501..5600	98.077	52	1	0	1	52	49	100	9.81e-22	91.6	100	100	1/1	Scaffold_1_5501..5600	52
Scaffold_1_5401..5500	Scaffold_1_5601..5700	100.000	36	0	0	65	100	18	53	1.65e-14	67.6	100	100	1/1	Scaffold_1_5601..5700	36
Scaffold_1_5601..5700	Scaffold_1_5601..5700	100.000	100	0	0	1	100	1	100	4.38e-50	185	100	100	1/1	Scaffold_1_5601..5700	100
Scaffold_1_5601..5700	Scaffold_1_5701..5800	93.750	64	4	0	37	100	1	64	2.11e-23	97.1	100	100	1/1	Scaffold_1_5701..5800	64
Scaffold_1_5601..5700	Scaffold_1_5401..5500	100.000	36	0	0	18	53	65	100	1.65e-14	67.6	100	100	1/1	Scaffold_1_5401..5500	36
Scaffold_1_5701..5800	Scaffold_1_5701..5800	100.000	100	0	0	1	100	1	100	4.38e-50	185	100	100	1/1	Scaffold_1_5701..5800	100
Scaffold_1_5701..5800	Scaffold_1_5201..5300	97.015	67	2	0	27	93	28	94	2.09e-28	113	100	100	1/1	Scaffold_1_5201..5300	67
Scaffold_1_5701..5800	Scaffold_1_5601..5700	93.750	64	4	0	1	64	37	100	2.11e-23	97.1	100	100	1/1	Scaffold_1_5601..5700	64
Scaffold_1_5701..5800	Scaffold_1_5901..6000	90.164	61	4	1	31	89	1	61	7.64e-18	78.7	100	100	1/1	Scaffold_1_5901..6000	59
Scaffold_1_5801..5900	Scaffold_1_5801..5900	100.000	100	0	0	1	100	1	100	4.38e-50	185	100	100	1/1	Scaffold_1_5801..5900	100
Scaffold_1_5801..5900	Scaffold_1_5401..5500	88.421	95	5	4	7	100	3	92	2.71e-27	110	100	100	1/1	Scaffold_1_5401..5500	94
Scaffold_1_5801..5900	Scaffold_1_5501..5600	96.000	50	2	0	7	56	51	100	5.91e-19	82.4	100	100	1/1	Scaffold_1_5501..5600	50
Scaffold_1_5901..6000	Scaffold_1_5901..6000	100.000	100	0	0	1	100	1	100	4.38e-50	185	100	100	1/1	Scaffold_1_5901..6000	100
Scaffold_1_5901..6000	Scaffold_1_5201..5300	93.443	61	2	1	1	61	32	90	3.53e-21	89.8	100	100	1/1	Scaffold_1_5201..5300	61
Scaffold_1_5901..6000	Scaffold_1_5701..5800	90.164	61	4	1	1	61	31	89	7.64e-18	78.7	100	100	1/1	Scaffold_1_5701..5800	61
Scaffold_1_6001..6100	Scaffold_1_6001..6100	100.000	100	0	0	1	100	1	100	4.38e-50	185	100	100	1/1	Scaffold_1_6001..6100	100
Scaffold_1_6101..6200	Scaffold_1_6101..6200	100.000	100	0	0	1	100	1	100	4.38e-50	185	100	100	1/1	Scaffold_1_6101..6200	100
Scaffold_1_6201..6300	Scaffold_1_6201..6300	100.000	100	0	0	1	100	1	100	4.38e-50	185	100	100	1/1	Scaffold_1_6201..6300	100
Scaffold_1_6301..6400	Scaffold_1_6301..6400	100.000	100	0	0	1	100	1	100	4.38e-50	185	100	100	1/1	Scaffold_1_6301..6400	100
Scaffold_1_6401..6500	Scaffold_1_6401..6500	100.000	100	0	0	1	100	1	100	4.38e-50	185	100	100	1/1	Scaffold_1_6401..6500	100
Scaffold_1_6501..6600	Scaffold_1_6501..6600	100.000	100	0	0	1	100	1	100	4.38e-50	185	100	100	1/1	Scaffold_1_6501..6600	100
Scaffold_1_6601..6700	Scaffold_1_6601..6700	100.000	100	0	0	1	100	1	100	4.38e-50	185	100	100	1/1	Scaffold_1_6601..6700	100
Scaffold_1_6701..6800	Scaffold_1_6701..6800	100.000	100	0	0	1	100	1	100	4.38e-50	185	100	100	1/1	Scaffold_1_6701..6800	100
Scaffold_1_6801..6900	Scaffold_1_6801..6900	100.000	100	0	0	1	100	1	100	4.38e-50	185	100	100	1/1	Scaffold_1_6801..6900	100
Scaffold_1_6901..7000	Scaffold_1_6901..7000	100.000	100	0	0	1	100	1	100	4.38e-50	185	100	100	1/1	Scaffold_1_6901..7000	100
Scaffold_1_7001..7100	Scaffold_1_7001..7100	100.000	100	0	0	1	100	1	100	4.38e-50	185	100	100	1/1	Scaffold_1_7001..7100	100
Scaffold_1_7101..7200	Scaffold_1_7101..7200	100.000	100	0	0	1	100	1	100	4.38e-50	185	100	100	1/1	Scaffold_1_7101..7200	100
Scaffold_1_7201..7300	Scaffold_1_7201..7300	100.000	100	0	0	1	100	1	100	4.38e-50	185	100	100	1/1	Scaffold_1_7201..7300	100
Scaffold_1_7301..7400	Scaffold_1_7301..7400	100.000	100	0	0	1	100	1	100	4.38e-50	185	100	100	1/1	Scaffold_1_7301..7400	100
Scaffold_1_7401..7500	Scaffold_1_7401..7500	100.000	100	0	0	1	100	1	100	4.38e-50	185	100	100	1/1	Scaffold_1_7401..7500	100
Scaffold_1_7501..7600	Scaffold_1_7501..7600	100.000	100	0	0	1	100	1	100	4.38e-50	185	100	100	1/1	Scaffold_1_7501..7600	100
Scaffold_1_7601..7700	Scaffold_1_7601..7700	100.000	100	0	0	1	100	1	100	4.38e-50	185	100	100	1/1	Scaffold_1_7601..7700	100
Scaffold_1_7701..7800	Scaffold_1_7701..7800	100.000	100	0	0	1	100	1	100	4.38e-50	185	100	100	1/1	Scaffold_1_7701..7800	100
Scaffold_1_7801..7900	Scaffold_1_7801..7900	100.000	100	0	0	1	100	1	100	4.38e-50	185	100	100	1/1	Scaffold_1_7801..7900	100
Scaffold_1_7901..8000	Scaffold_1_7901..8000	100.000	100	0	0	1	100	1	100	4.38e-50	185	100	100	1/1	Scaffold_1_7901..8000	100
Scaffold_1_8001..8100	Scaffold_1_8001..8100	100.000	100	0	0	1	100	1	100	4.38e-50	185	100	100	1/1	Scaffold_1_8001..8100	100
Scaffold_1_8101..8200	Scaffold_1_8101..8200	100.000	100	0	0	1	100	1	100	4.38e-50	185	100	100	1/1	Scaffold_1_8101..8200	100
Scaffold_1_8201..8300	Scaffold_1_8201..8300	100.000	100	0	0	1	100	1	100	4.38e-50	185	100	100	1/1	Scaffold_1_8201..8300	100
Scaffold_1_8301..8400	Scaffold_1_8301..8400	100.000	100	0	0	1	100	1	100	4.38e-50	185	100	100	1/1	Scaffold_1_8301..8400	100
Scaffold_1_8401..8500	Scaffold_1_8401..8500	100.000	100	0	0	1	100	1	100	4.38e-50	185	100	100	1/1	Scaffold_1_8401..8500	100
Scaffold_1_8501..8600	Scaffold_1_8501..8600	100.000	100	0	0	1	100	1	100	4.38e-50	185	100	100	1/1	Scaffold_1_8501..8600	100
Scaffold_1_8601..8700	Scaffold_1_8601..8700	100.000	100	0	0	1	100	1	100	4.38e-50	185	100	100	1/1	Scaffold_1_8601..8700	100
Scaffold_1_8701..8800	Scaffold_1_8701..8800	100.000	100	0	0	1	100	1	100	4.38e-50	185	100	100	1/1	Scaffold_1_8701..8800	100
Scaffold_1_8801..8900	Scaffold_1_8801..8900	100.000	100	0	0	1	100	1	100	4.38e-50	185	100	100	1/1	Scaffold_1_8801..8900	100
Scaffold_1_8901..9000	Scaffold_1_8901..9000	100.000	100	0	0	1	100	1	100	4.38e-50	185	100	100	1/1	Scaffold_1_8901..9000	100
Scaffold_1_9001..9100	Scaffold_1_9001..9100	100.000	100	0	0	1	100	1	100	4.38e-50	185	100	100	1/1	Scaffold_1_9001..9100	100
Scaffold_1_9101..9200	Scaffold_1_9101..9200	100.000	100	0	0	1	100	1	100	4.38e-50	185	100	100	1/1	Scaffold_1_9101..9200	100
Scaffold_1_9201..9300	Scaffold_1_9201..9300	100.000	100	0	0	1	100	1	100	4.38e-50	185	100	100	1/1	Scaffold_1_9201..9300	100
Scaffold_1_9301..9400	Scaffold_1_9301..9400	100.000	100	0	0	1	100	1	100	4.38e-50	185	100	100	1/1	Scaffold_1_9301..9400	100
Scaffold_1_9401..9500	Scaffold_1_9401..9500	100.000	100	0	0	1	100	1	100	4.38e-50	185	100	100	1/1	Scaffold_1_9401..9500	100
Scaffold_1_9501..9600	Scaffold_1_9501..9600	100.000	100	0	0	1	100	1	100	4.38e-50	185	100	100	1/1	Scaffold_1_9501..9600	100
Scaffold_1_9601..9700	Scaffold_1_9601..9700	100.000	100	0	0	1	100	1	100	4.38e-50	185	100	100	1/1	Scaffold_1_9601..9700	100
Scaffold_1_9701..9800	Scaffold_1_9701..9800	100.000	100	0	0	1	100	1	100	4.38e-50	185	100	100	1/1	Scaffold_1_9701..9800	100
Scaffold_1_9801..9900	Scaffold_1_9801..9900	100.000	100	0	0	1	100	1	100	4.38e-50	185	100	100	1/1	Scaffold_1_9801..9900	100
Scaffold_1_9901..10000	Scaffold_1_9901..10000	100.000	100	0	0	1	100	1	100	4.38e-50	185	100	100	1/1	Scaffold_1_9901..10000	100
