Scaffold_1_40001..40100	Scaffold_1_40001..40100	100.000	100	0	0	1	100	1	100	4.38e-50	185	100	100	1/1	Scaffold_1_40001..40100	100
Scaffold_1_40101..40200	Scaffold_1_40101..40200	100.000	100	0	0	1	100	1	100	4.38e-50	185	100	100	1/1	Scaffold_1_40101..40200	100
Scaffold_1_40101..40200	Scaffold_1_35701..35800	98.276	58	1	0	43	100	100	43	4.53e-25	102	100	100	1/-1	Scaffold_1_35701..35800	58
Scaffold_1_40101..40200	Scaffold_1_42901..43000	96.154	52	2	0	49	100	1	52	4.57e-20	86.1	100	100	1/1	Scaffold_1_42901..43000	52
Scaffold_1_40201..40300	Scaffold_1_40201..40300	100.000	100	0	0	1	100	1	100	4.38e-50	185	100	100	1/1	Scaffold_1_40201..40300	100
Scaffold_1_40201..40300	Scaffold_1_35601..35700	89.552	67	7	0	34	100	100	34	4.57e-20	86.1	100	100	1/-1	Scaffold_1_35601..35700	67
Scaffold_1_40301..40400	Scaffold_1_40301..40400	100.000	100	0	0	1	100	1	100	4.38e-50	185	100	100	1/1	Scaffold_1_40301..40400	100
Scaffold_1_40401..40500	Scaffold_1_40401..40500	100.000	100	0	0	1	100	1	100	4.38e-50	185	100	100	1/1	Scaffold_1_40401..40500	100
Scaffold_1_40501..40600	Scaffold_1_40501..40600	100.000	100	0	0	1	100	1	100	4.38e-50	185	100	100	1/1	Scaffold_1_40501..40600	100
Scaffold_1_40601..40700	Scaffold_1_40601..40700	100.000	100	0	0	1	100	1	100	4.38e-50	185	100	100	1/1	Scaffold_1_40601..40700	100
Scaffold_1_40701..40800	Scaffold_1_40701..40800	100.000	100	0	0	1	100	1	100	4.38e-50	185	100	100	1/1	Scaffold_1_40701..40800	100
Scaffold_1_40801..40900	Scaffold_1_40801..40900	100.000	100	0	0	1	100	1	100	4.38e-50	185	100	100	1/1	Scaffold_1_40801..40900	100
Scaffold_1_40901..41000	Scaffold_1_40901..41000	100.000	100	0	0	1	100	1	100	4.38e-50	185	100	100	1/1	Scaffold_1_40901..41000	100
Scaffold_1_41001..41100	Scaffold_1_41001..41100	100.000	100	0	0	1	100	1	100	4.38e-50	185	100	100	1/1	Scaffold_1_41001..41100	100
Scaffold_1_41101..41200	Scaffold_1_41101..41200	100.000	100	0	0	1	100	1	100	4.38e-50	185	100	100	1/1	Scaffold_1_41101..41200	100
Scaffold_1_41201..41300	Scaffold_1_41201..41300	100.000	100	0	0	1	100	1	100	4.38e-50	185	100	100	1/1	Scaffold_1_41201..41300	100
Scaffold_1_41301..41400	Scaffold_1_41301..41400	100.000	100	0	0	1	100	1	100	4.38e-50	185	100	100	1/1	Scaffold_1_41301..41400	100
Scaffold_1_41401..41500	Scaffold_1_41401..41500	100.000	100	0	0	1	100	1	100	4.38e-50	185	100	100	1/1	Scaffold_1_41401..41500	100
Scaffold_1_41501..41600	Scaffold_1_41501..41600	100.000	100	0	0	1	100	1	100	4.38e-50	185	100	100	1/1	Scaffold_1_41501..41600	100
Scaffold_1_41601..41700	Scaffold_1_41601..41700	100.000	100	0	0	1	100	1	100	4.38e-50	185	100	100	1/1	Scaffold_1_41601..41700	100
Scaffold_1_41701..41800	Scaffold_1_41701..41800	100.000	100	0	0	1	100	1	100	4.38e-50	185	100	100	1/1	Scaffold_1_41701..41800	100
Scaffold_1_41801..41900	Scaffold_1_41801..41900	100.000	100	0	0	1	100	1	100	4.38e-50	185	100	100	1/1	Scaffold_1_41801..41900	100
Scaffold_1_41901..42000	Scaffold_1_41901..42000	100.000	100	0	0	1	100	1	100	4.38e-50	185	100	100	1/1	Scaffold_1_41901..42000	100
Scaffold_1_42001..42100	Scaffold_1_42001..42100	100.000	100	0	0	1	100	1	100	4.38e-50	185	100	100	1/1	Scaffold_1_42001..42100	100
Scaffold_1_42101..42200	Scaffold_1_42101..42200	100.000	100	0	0	1	100	1	100	4.38e-50	185	100	100	1/1	Scaffold_1_42101..42200	100
Scaffold_1_42201..42300	Scaffold_1_42201..42300	100.000	100	0	0	1	100	1	100	4.38e-50	185	100	100	1/1	Scaffold_1_42201..42300	100
Scaffold_1_42301..42400	Scaffold_1_42301..42400	100.000	100	0	0	1	100	1	100	4.38e-50	185	100	100	1/1	Scaffold_1_42301..42400	100
Scaffold_1_42401..42500	Scaffold_1_42401..42500	100.000	100	0	0	1	100	1	100	4.38e-50	185	100	100	1/1	Scaffold_1_42401..42500	100
Scaffold_1_42401..42500	Scaffold_1_33601..33700	95.745	47	2	0	1	47	59	13	2.75e-17	76.8	100	100	1/-1	Scaffold_1_33601..33700	47
Scaffold_1_42501..42600	Scaffold_1_42501..42600	100.000	100	0	0	1	100	1	100	4.38e-50	185	100	100	1/1	Scaffold_1_42501..42600	100
Scaffold_1_42601..42700	Scaffold_1_42601..42700	100.000	100	0	0	1	100	1	100	4.38e-50	185	100	100	1/1	Scaffold_1_42601..42700	100
Scaffold_1_42601..42700	Scaffold_1_36401..36500	90.123	81	8	0	20	100	2	82	3.50e-26	106	100	100	1/1	Scaffold_1_36401..36500	81
Scaffold_1_42701..42800	Scaffold_1_42701..42800	100.000	100	0	0	1	100	1	100	4.38e-50	185	100	100	1/1	Scaffold_1_42701..42800	100
Scaffold_1_42801..42900	Scaffold_1_42801..42900	100.000	100	0	0	1	100	1	100	4.38e-50	185	100	100	1/1	Scaffold_1_42801..42900	100
Scaffold_1_42901..43000	Scaffold_1_42901..43000	100.000	100	0	0	1	100	1	100	4.38e-50	185	100	100	1/1	Scaffold_1_42901..43000	100
Scaffold_1_42901..43000	Scaffold_1_35701..35800	96.774	93	3	0	1	93	94	2	3.43e-41	156	100	100	1/-1	Scaffold_1_35701..35800	93
Scaffold_1_42901..43000	Scaffold_1_40101..40200	96.154	52	2	0	1	52	49	100	4.57e-20	86.1	100	100	1/1	Scaffold_1_40101..40200	52
Scaffold_1_43001..43100	Scaffold_1_43001..43100	100.000	100	0	0	1	100	1	100	4.38e-50	185	100	100	1/1	Scaffold_1_43001..43100	100
Scaffold_1_43101..43200	Scaffold_1_43101..43200	100.000	100	0	0	1	100	1	100	4.38e-50	185	100	100	1/1	Scaffold_1_43101..43200	100
Scaffold_1_43201..43300	Scaffold_1_43201..43300	100.000	100	0	0	1	100	1	100	4.38e-50	185	100	100	1/1	Scaffold_1_43201..43300	100
Scaffold_1_43301..43400	Scaffold_1_43301..43400	100.000	100	0	0	1	100	1	100	4.38e-50	185	100	100	1/1	Scaffold_1_43301..43400	100
Scaffold_1_43401..43500	Scaffold_1_43401..43500	100.000	100	0	0	1	100	1	100	4.38e-50	185	100	100	1/1	Scaffold_1_43401..43500	100
Scaffold_1_43501..43600	Scaffold_1_43501..43600	100.000	100	0	0	1	100	1	100	4.38e-50	185	100	100	1/1	Scaffold_1_43501..43600	100
Scaffold_1_43601..43700	Scaffold_1_43601..43700	100.000	100	0	0	1	100	1	100	4.38e-50	185	100	100	1/1	Scaffold_1_43601..43700	100
Scaffold_1_43701..43800	Scaffold_1_43701..43800	100.000	100	0	0	1	100	1	100	4.38e-50	185	100	100	1/1	Scaffold_1_43701..43800	100
Scaffold_1_43801..43900	Scaffold_1_43801..43900	100.000	100	0	0	1	100	1	100	4.38e-50	185	100	100	1/1	Scaffold_1_43801..43900	100
Scaffold_1_43901..44000	Scaffold_1_43901..44000	100.000	100	0	0	1	100	1	100	4.38e-50	185	100	100	1/1	Scaffold_1_43901..44000	100
Scaffold_1_44001..44100	Scaffold_1_44001..44100	100.000	100	0	0	1	100	1	100	4.38e-50	185	100	100	1/1	Scaffold_1_44001..44100	100
Scaffold_1_44101..44200	Scaffold_1_44101..44200	100.000	100	0	0	1	100	1	100	4.38e-50	185	100	100	1/1	Scaffold_1_44101..44200	100
Scaffold_1_44201..44300	Scaffold_1_44201..44300	100.000	100	0	0	1	100	1	100	4.38e-50	185	100	100	1/1	Scaffold_1_44201..44300	100
Scaffold_1_44301..44400	Scaffold_1_44301..44400	100.000	100	0	0	1	100	1	100	4.38e-50	185	100	100	1/1	Scaffold_1_44301..44400	100
Scaffold_1_44401..44500	Scaffold_1_44401..44500	100.000	100	0	0	1	100	1	100	4.38e-50	185	100	100	1/1	Scaffold_1_44401..44500	100
Scaffold_1_44501..44600	Scaffold_1_44501..44600	100.000	100	0	0	1	100	1	100	4.38e-50	185	100	100	1/1	Scaffold_1_44501..44600	100
Scaffold_1_44601..44700	Scaffold_1_44601..44700	100.000	100	0	0	1	100	1	100	4.38e-50	185	100	100	1/1	Scaffold_1_44601..44700	100
Scaffold_1_44701..44800	Scaffold_1_44701..44800	100.000	100	0	0	1	100	1	100	4.38e-50	185	100	100	1/1	Scaffold_1_44701..44800	100
Scaffold_1_44801..44900	Scaffold_1_44801..44900	100.000	100	0	0	1	100	1	100	4.38e-50	185	100	100	1/1	Scaffold_1_44801..44900	100
Scaffold_1_44901..45000	Scaffold_1_44901..45000	100.000	100	0	0	1	100	1	100	4.38e-50	185	100	100	1/1	Scaffold_1_44901..45000	100
Scaffold_1_15001..15100	Scaffold_1_15001..15100	100.000	100	0	0	1	100	1	100	4.38e-50	185	100	100	1/1	Scaffold_1_15001..15100	100
Scaffold_1_15101..15200	Scaffold_1_15101..15200	100.000	100	0	0	1	100	1	100	4.38e-50	185	100	100	1/1	Scaffold_1_15101..15200	100
Scaffold_1_15201..15300	Scaffold_1_15201..15300	100.000	100	0	0	1	100	1	100	4.38e-50	185	100	100	1/1	Scaffold_1_15201..15300	100
Scaffold_1_15301..15400	Scaffold_1_15301..15400	100.000	100	0	0	1	100	1	100	4.38e-50	185	100	100	1/1	Scaffold_1_15301..15400	100
Scaffold_1_15401..15500	Scaffold_1_15401..15500	100.000	100	0	0	1	100	1	100	4.38e-50	185	100	100	1/1	Scaffold_1_15401..15500	100
Scaffold_1_15501..15600	Scaffold_1_15501..15600	100.000	100	0	0	1	100	1	100	4.38e-50	185	100	100	1/1	Scaffold_1_15501..15600	100
Scaffold_1_15601..15700	Scaffold_1_15601..15700	100.000	100	0	0	1	100	1	100	4.38e-50	185	100	100	1/1	Scaffold_1_15601..15700	100
Scaffold_1_15701..15800	Scaffold_1_15701..15800	100.000	100	0	0	1	100	1	100	4.38e-50	185	100	100	1/1	Scaffold_1_15701..15800	100
Scaffold_1_15801..15900	Scaffold_1_15801..15900	100.000	100	0	0	1	100	1	100	4.38e-50	185	100	100	1/1	Scaffold_1_15801..15900	100
Scaffold_1_15901..16000	Scaffold_1_15901..16000	100.000	100	0	0	1	100	1	100	4.38e-50	185	100	100	1/1	Scaffold_1_15901..16000	100
Scaffold_1_16001..16100	Scaffold_1_16001..16100	100.000	100	0	0	1	100	1	100	4.38e-50	185	100	100	1/1	Scaffold_1_16001..16100	100
Scaffold_1_16101..16200	Scaffold_1_16101..16200	100.000	100	0	0	1	100	1	100	4.38e-50	185	100	100	1/1	Scaffold_1_16101..16200	100
Scaffold_1_16201..16300	Scaffold_1_16201..16300	100.000	100	0	0	1	100	1	100	4.38e-50	185	100	100	1/1	Scaffold_1_16201..16300	100
Scaffold_1_16301..16400	Scaffold_1_16301..16400	100.000	100	0	0	1	100	1	100	4.38e-50	185	100	100	1/1	Scaffold_1_16301..16400	100
Scaffold_1_16401..16500	Scaffold_1_16401..16500	100.000	100	0	0	1	100	1	100	4.38e-50	185	100	100	1/1	Scaffold_1_16401..16500	100
Scaffold_1_16501..16600	Scaffold_1_16501..16600	100.000	100	0	0	1	100	1	100	4.38e-50	185	100	100	1/1	Scaffold_1_16501..16600	100
Scaffold_1_16601..16700	Scaffold_1_16601..16700	100.000	100	0	0	1	100	1	100	4.38e-50	185	100	100	1/1	Scaffold_1_16601..16700	100
Scaffold_1_16701..16800	Scaffold_1_16701..16800	100.000	100	0	0	1	100	1	100	4.38e-50	185	100	100	1/1	Scaffold_1_16701..16800	100
Scaffold_1_16801..16900	Scaffold_1_16801..16900	100.000	100	0	0	1	100	1	100	4.38e-50	185	100	100	1/1	Scaffold_1_16801..16900	100
Scaffold_1_16901..17000	Scaffold_1_16901..17000	100.000	100	0	0	1	100	1	100	4.38e-50	185	100	100	1/1	Scaffold_1_16901..17000	100
Scaffold_1_17001..17100	Scaffold_1_17001..17100	100.000	100	0	0	1	100	1	100	4.38e-50	185	100	100	1/1	Scaffold_1_17001..17100	100
Scaffold_1_17101..17200	Scaffold_1_17101..17200	100.000	100	0	0	1	100	1	100	4.38e-50	185	100	100	1/1	Scaffold_1_17101..17200	100
Scaffold_1_17201..17300	Scaffold_1_17201..17300	100.000	100	0	0	1	100	1	100	4.38e-50	185	100	100	1/1	Scaffold_1_17201..17300	100
Scaffold_1_17301..17400	Scaffold_1_17301..17400	100.000	100	0	0	1	100	1	100	4.38e-50	185	100	100	1/1	Scaffold_1_17301..17400	100
Scaffold_1_17401..17500	Scaffold_1_17401..17500	100.000	100	0	0	1	100	1	100	4.38e-50	185	100	100	1/1	Scaffold_1_17401..17500	100
Scaffold_1_17501..17600	Scaffold_1_17501..17600	100.000	100	0	0	1	100	1	100	4.38e-50	185	100	100	1/1	Scaffold_1_17501..17600	100
Scaffold_1_17601..17700	Scaffold_1_17601..17700	100.000	100	0	0	1	100	1	100	4.38e-50	185	100	100	1/1	Scaffold_1_17601..17700	100
Scaffold_1_17701..17800	Scaffold_1_17701..17800	100.000	100	0	0	1	100	1	100	4.38e-50	185	100	100	1/1	Scaffold_1_17701..17800	100
Scaffold_1_17801..17900	Scaffold_1_17801..17900	100.000	100	0	0	1	100	1	100	4.38e-50	185	100	100	1/1	Scaffold_1_17801..17900	100
Scaffold_1_17901..18000	Scaffold_1_17901..18000	100.000	100	0	0	1	100	1	100	4.38e-50	185	100	100	1/1	Scaffold_1_17901..18000	100
Scaffold_1_18001..18100	Scaffold_1_18001..18100	100.000	100	0	0	1	100	1	100	4.38e-50	185	100	100	1/1	Scaffold_1_18001..18100	100
Scaffold_1_18101..18200	Scaffold_1_18101..18200	100.000	100	0	0	1	100	1	100	4.38e-50	185	100	100	1/1	Scaffold_1_18101..18200	100
Scaffold_1_18201..18300	Scaffold_1_18201..18300	100.000	100	0	0	1	100	1	100	4.38e-50	185	100	100	1/1	Scaffold_1_18201..18300	100
Scaffold_1_18301..18400	Scaffold_1_18301..18400	100.000	100	0	0	1	100	1	100	4.38e-50	185	100	100	1/1	Scaffold_1_18301..18400	100
Scaffold_1_18401..18500	Scaffold_1_18401..18500	100.000	100	0	0	1	100	1	100	4.38e-50	185	100	100	1/1	Scaffold_1_18401..18500	100
Scaffold_1_18501..18600	Scaffold_1_18501..18600	100.000	100	0	0	1	100	1	100	4.38e-50	185	100	100	1/1	Scaffold_1_18501..18600	100
Scaffold_1_18601..18700	Scaffold_1_18601..18700	100.000	100	0	0	1	100	1	100	4.38e-50	185	100	100	1/1	Scaffold_1_18601..18700	100
Scaffold_1_18701..18800	Scaffold_1_18701..18800	100.000	100	0	0	1	100	1	100	4.38e-50	185	100	100	1/1	Scaffold_1_18701..18800	100
Scaffold_1_18801..18900	Scaffold_1_18801..18900	100.000	100	0	0	1	100	1	100	4.38e-50	185	100	100	1/1	Scaffold_1_18801..18900	100
Scaffold_1_18901..19000	Scaffold_1_18901..19000	100.000	100	0	0	1	100	1	100	4.38e-50	185	100	100	1/1	Scaffold_1_18901..19000	100
Scaffold_1_19001..19100	Scaffold_1_19001..19100	100.000	100	0	0	1	100	1	100	4.38e-50	185	100	100	1/1	Scaffold_1_19001..19100	100
Scaffold_1_19101..19200	Scaffold_1_19101..19200	100.000	100	0	0	1	100	1	100	4.38e-50	185	100	100	1/1	Scaffold_1_19101..19200	100
Scaffold_1_19201..19300	Scaffold_1_19201..19300	100.000	100	0	0	1	100	1	100	4.38e-50	185	100	100	1/1	Scaffold_1_19201..19300	100
Scaffold_1_19301..19400	Scaffold_1_19301..19400	100.000	100	0	0	1	100	1	100	4.38e-50	185	100	100	1/1	Scaffold_1_19301..19400	100
Scaffold_1_19401..19500	Scaffold_1_19401..19500	100.000	100	0	0	1	100	1	100	4.38e-50	185	100	100	1/1	Scaffold_1_19401..19500	100
Scaffold_1_19501..19600	Scaffold_1_19501..19600	100.000	100	0	0	1	100	1	100	4.38e-50	185	100	100	1/1	Scaffold_1_19501..19600	100
Scaffold_1_19601..19700	Scaffold_1_19601..19700	100.000	100	0	0	1	100	1	100	4.38e-50	185	100	100	1/1	Scaffold_1_19601..19700	100
Scaffold_1_19701..19800	Scaffold_1_19701..19800	100.000	100	0	0	1	100	1	100	4.38e-50	185	100	100	1/1	Scaffold_1_19701..19800	100
Scaffold_1_19801..19900	Scaffold_1_19801..19900	100.000	100	0	0	1	100	1	100	4.38e-50	185	100	100	1/1	Scaffold_1_19801..19900	100
Scaffold_1_19901..20000	Scaffold_1_19901..20000	100.000	100	0	0	1	100	1	100	4.38e-50	185	100	100	1/1	Scaffold_1_19901..20000	100
Scaffold_1_5001..5100	Scaffold_1_5001..5100	100.000	100	0	0	1	100	1	100	4.38e-50	185	100	100	1/1	Scaffold_1_5001..5100	100
Scaffold_1_5101..5200	Scaffold_1_5101..5200	100.000	100	0	0	1	100	1	100	4.38e-50	185	100	100	1/1	Scaffold_1_5101..5200	100
Scaffold_1_5201..5300	Scaffold_1_5201..5300	100.000	100	0	0	1	100	1	100	4.38e-50	185	100	100	1/1	Scaffold_1_5201..5300	100
Scaffold_1_5201..5300	Scaffold_1_5201..5300	100.000	32	0	0	69	100	26	57	2.77e-12	60.2	100	100	1/1	Scaffold_1_5201..5300	100
Scaffold_1_5201..5300	Scaffold_1_5201..5300	100.000	32	0	0	26	57	69	100	2.77e-12	60.2	100	100	1/1	Scaffold_1_5201..5300	100
Scaffold_1_5201..5300	Scaffold_1_5701..5800	97.015	67	2	0	28	94	27	93	2.09e-28	113	100	100	1/1	Scaffold_1_5701..5800	67
Scaffold_1_5201..5300	Scaffold_1_5901..6000	93.443	61	2	1	32	90	1	61	3.53e-21	89.8	100	100	1/1	Scaffold_1_5901..6000	59
Scaffold_1_5301..5400	Scaffold_1_5301..5400	100.000	100	0	0	1	100	1	100	4.38e-50	185	100	100	1/1	Scaffold_1_5301..5400	100
Scaffold_1_5301..5400	Scaffold_1_5501..5600	94.805	77	3	1	8	84	25	100	4.50e-30	119	100	100	1/1	Scaffold_1_5501..5600	93
Scaffold_1_5301..5400	Scaffold_1_5501..5600	100.000	48	0	0	53	100	1	48	3.53e-21	89.8	100	100	1/1	Scaffold_1_5501..5600	93
Scaffold_1_5401..5500	Scaffold_1_5401..5500	100.000	100	0	0	1	100	1	100	4.38e-50	185	100	100	1/1	Scaffold_1_5401..5500	100
Scaffold_1_5401..5500	Scaffold_1_5801..5900	88.421	95	5	4	3	92	7	100	2.71e-27	110	100	100	1/1	Scaffold_1_5801..5900	90
Scaffold_1_5401..5500	Scaffold_1_5501..5600	98.077	52	1	0	1	52	49	100	9.81e-22	91.6	100	100	1/1	Scaffold_1_5501..5600	52
Scaffold_1_5401..5500	Scaffold_1_5601..5700	100.000	36	0	0	65	100	18	53	1.65e-14	67.6	100	100	1/1	Scaffold_1_5601..5700	36
Scaffold_1_5601..5700	Scaffold_1_5601..5700	100.000	100	0	0	1	100	1	100	4.38e-50	185	100	100	1/1	Scaffold_1_5601..5700	100
Scaffold_1_5601..5700	Scaffold_1_5701..5800	93.750	64	4	0	37	100	1	64	2.11e-23	97.1	100	100	1/1	Scaffold_1_5701..5800	64
Scaffold_1_5601..5700	Scaffold_1_5401..5500	100.000	36	0	0	18	53	65	100	1.65e-14	67.6	100	100	1/1	Scaffold_1_5401..5500	36
Scaffold_1_5701..5800	Scaffold_1_5701..5800	100.000	100	0	0	1	100	1	100	4.38e-50	185	100	100	1/1	Scaffold_1_5701..5800	100
Scaffold_1_5701..5800	Scaffold_1_5201..5300	97.015	67	2	0	27	93	28	94	2.09e-28	113	100	100	1/1	Scaffold_1_5201..5300	67
Scaffold_1_5701..5800	Scaffold_1_5601..5700	93.750	64	4	0	1	64	37	100	2.11e-23	97.1	100	100	1/1	Scaffold_1_5601..5700	64
Scaffold_1_5701..5800	Scaffold_1_5901..6000	90.164	61	4	1	31	89	1	61	7.64e-18	78.7	100	100	1/1	Scaffold_1_5901..6000	59
Scaffold_1_5801..5900	Scaffold_1_5801..5900	100.000	100	0	0	1	100	1	100	4.38e-50	185	100	100	1/1	Scaffold_1_5801..5900	100
Scaffold_1_5801..5900	Scaffold_1_5401..5500	88.421	95	5	4	7	100	3	92	2.71e-27	110	100	100	1/1	Scaffold_1_5401..5500	94
Scaffold_1_5801..5900	Scaffold_1_5501..5600	96.000	50	2	0	7	56	51	100	5.91e-19	82.4	100	100	1/1	Scaffold_1_5501..5600	50
Scaffold_1_5901..6000	Scaffold_1_5901..6000	100.000	100	0	0	1	100	1	100	4.38e-50	185	100	100	1/1	Scaffold_1_5901..6000	100
Scaffold_1_5901..6000	Scaffold_1_5201..5300	93.443	61	2	1	1	61	32	90	3.53e-21	89.8	100	100	1/1	Scaffold_1_5201..5300	61
Scaffold_1_5901..6000	Scaffold_1_5701..5800	90.164	61	4	1	1	61	31	89	7.64e-18	78.7	100	100	1/1	Scaffold_1_5701..5800	61
Scaffold_1_6001..6100	Scaffold_1_6001..6100	100.000	100	0	0	1	100	1	100	4.38e-50	185	100	100	1/1	Scaffold_1_6001..6100	100
Scaffold_1_6101..6200	Scaffold_1_6101..6200	100.000	100	0	0	1	100	1	100	4.38e-50	185	100	100	1/1	Scaffold_1_6101..6200	100
Scaffold_1_6201..6300	Scaffold_1_6201..6300	100.000	100	0	0	1	100	1	100	4.38e-50	185	100	100	1/1	Scaffold_1_6201..6300	100
Scaffold_1_6301..6400	Scaffold_1_6301..6400	100.000	100	0	0	1	100	1	100	4.38e-50	185	100	100	1/1	Scaffold_1_6301..6400	100
Scaffold_1_6401..6500	Scaffold_1_6401..6500	100.000	100	0	0	1	100	1	100	4.38e-50	185	100	100	1/1	Scaffold_1_6401..6500	100
Scaffold_1_6501..6600	Scaffold_1_6501..6600	100.000	100	0	0	1	100	1	100	4.38e-50	185	100	100	1/1	Scaffold_1_6501..6600	100
Scaffold_1_6601..6700	Scaffold_1_6601..6700	100.000	100	0	0	1	100	1	100	4.38e-50	185	100	100	1/1	Scaffold_1_6601..6700	100
Scaffold_1_6701..6800	Scaffold_1_6701..6800	100.000	100	0	0	1	100	1	100	4.38e-50	185	100	100	1/1	Scaffold_1_6701..6800	100
Scaffold_1_6801..6900	Scaffold_1_6801..6900	100.000	100	0	0	1	100	1	100	4.38e-50	185	100	100	1/1	Scaffold_1_6801..6900	100
Scaffold_1_6901..7000	Scaffold_1_6901..7000	100.000	100	0	0	1	100	1	100	4.38e-50	185	100	100	1/1	Scaffold_1_6901..7000	100
Scaffold_1_7001..7100	Scaffold_1_7001..7100	100.000	100	0	0	1	100	1	100	4.38e-50	185	100	100	1/1	Scaffold_1_7001..7100	100
Scaffold_1_7101..7200	Scaffold_1_7101..7200	100.000	100	0	0	1	100	1	100	4.38e-50	185	100	100	1/1	Scaffold_1_7101..7200	100
Scaffold_1_7201..7300	Scaffold_1_7201..7300	100.000	100	0	0	1	100	1	100	4.38e-50	185	100	100	1/1	Scaffold_1_7201..7300	100
Scaffold_1_7301..7400	Scaffold_1_7301..7400	100.000	100	0	0	1	100	1	100	4.38e-50	185	100	100	1/1	Scaffold_1_7301..7400	100
Scaffold_1_7401..7500	Scaffold_1_7401..7500	100.000	100	0	0	1	100	1	100	4.38e-50	185	100	100	1/1	Scaffold_1_7401..7500	100
Scaffold_1_7501..7600	Scaffold_1_7501..7600	100.000	100	0	0	1	100	1	100	4.38e-50	185	100	100	1/1	Scaffold_1_7501..7600	100
Scaffold_1_7601..7700	Scaffold_1_7601..7700	100.000	100	0	0	1	100	1	100	4.38e-50	185	100	100	1/1	Scaffold_1_7601..7700	100
Scaffold_1_7701..7800	Scaffold_1_7701..7800	100.000	100	0	0	1	100	1	100	4.38e-50	185	100	100	1/1	Scaffold_1_7701..7800	100
Scaffold_1_7801..7900	Scaffold_1_7801..7900	100.000	100	0	0	1	100	1	100	4.38e-50	185	100	100	1/1	Scaffold_1_7801..7900	100
Scaffold_1_7901..8000	Scaffold_1_7901..8000	100.000	100	0	0	1	100	1	100	4.38e-50	185	100	100	1/1	Scaffold_1_7901..8000	100
Scaffold_1_8001..8100	Scaffold_1_8001..8100	100.000	100	0	0	1	100	1	100	4.38e-50	185	100	100	1/1	Scaffold_1_8001..8100	100
Scaffold_1_8101..8200	Scaffold_1_8101..8200	100.000	100	0	0	1	100	1	100	4.38e-50	185	100	100	1/1	Scaffold_1_8101..8200	100
Scaffold_1_8201..8300	Scaffold_1_8201..8300	100.000	100	0	0	1	100	1	100	4.38e-50	185	100	100	1/1	Scaffold_1_8201..8300	100
Scaffold_1_8301..8400	Scaffold_1_8301..8400	100.000	100	0	0	1	100	1	100	4.38e-50	185	100	100	1/1	Scaffold_1_8301..8400	100
Scaffold_1_8401..8500	Scaffold_1_8401..8500	100.000	100	0	0	1	100	1	100	4.38e-50	185	100	100	1/1	Scaffold_1_8401..8500	100
Scaffold_1_8501..8600	Scaffold_1_8501..8600	100.000	100	0	0	1	100	1	100	4.38e-50	185	100	100	1/1	Scaffold_1_8501..8600	100
Scaffold_1_8601..8700	Scaffold_1_8601..8700	100.000	100	0	0	1	100	1	100	4.38e-50	185	100	100	1/1	Scaffold_1_8601..8700	100
Scaffold_1_8701..8800	Scaffold_1_8701..8800	100.000	100	0	0	1	100	1	100	4.38e-50	185	100	100	1/1	Scaffold_1_8701..8800	100
Scaffold_1_8801..8900	Scaffold_1_8801..8900	100.000	100	0	0	1	100	1	100	4.38e-50	185	100	100	1/1	Scaffold_1_8801..8900	100
Scaffold_1_8901..9000	Scaffold_1_8901..9000	100.000	100	0	0	1	100	1	100	4.38e-50	185	100	100	1/1	Scaffold_1_8901..9000	100
Scaffold_1_9001..9100	Scaffold_1_9001..9100	100.000	100	0	0	1	100	1	100	4.38e-50	185	100	100	1/1	Scaffold_1_9001..9100	100
Scaffold_1_9101..9200	Scaffold_1_9101..9200	100.000	100	0	0	1	100	1	100	4.38e-50	185	100	100	1/1	Scaffold_1_9101..9200	100
Scaffold_1_9201..9300	Scaffold_1_9201..9300	100.000	100	0	0	1	100	1	100	4.38e-50	185	100	100	1/1	Scaffold_1_9201..9300	100
Scaffold_1_9301..9400	Scaffold_1_9301..9400	100.000	100	0	0	1	100	1	100	4.38e-50	185	100	100	1/1	Scaffold_1_9301..9400	100
Scaffold_1_9401..9500	Scaffold_1_9401..9500	100.000	100	0	0	1	100	1	100	4.38e-50	185	100	100	1/1	Scaffold_1_9401..9500	100
Scaffold_1_9501..9600	Scaffold_1_9501..9600	100.000	100	0	0	1	100	1	100	4.38e-50	185	100	100	1/1	Scaffold_1_9501..9600	100
Scaffold_1_9601..9700	Scaffold_1_9601..9700	100.000	100	0	0	1	100	1	100	4.38e-50	185	100	100	1/1	Scaffold_1_9601..9700	100
Scaffold_1_9701..9800	Scaffold_1_9701..9800	100.000	100	0	0	1	100	1	100	4.38e-50	185	100	100	1/1	Scaffold_1_9701..9800	100
Scaffold_1_9801..9900	Scaffold_1_9801..9900	100.000	100	0	0	1	100	1	100	4.38e-50	185	100	100	1/1	Scaffold_1_9801..9900	100
Scaffold_1_9901..10000	Scaffold_1_9901..10000	100.000	100	0	0	1	100	1	100	4.38e-50	185	100	100	1/1	Scaffold_1_9901..10000	100
Scaffold_1_30001..30100	Scaffold_1_30001..30100	100.000	100	0	0	1	100	1	100	4.38e-50	185	100	100	1/1	Scaffold_1_30001..30100	100
Scaffold_1_30101..30200	Scaffold_1_30101..30200	100.000	100	0	0	1	100	1	100	4.38e-50	185	100	100	1/1	Scaffold_1_30101..30200	100
Scaffold_1_30201..30300	Scaffold_1_30201..30300	100.000	100	0	0	1	100	1	100	4.38e-50	185	100	100	1/1	Scaffold_1_30201..30300	100
Scaffold_1_30301..30400	Scaffold_1_30301..30400	100.000	100	0	0	1	100	1	100	4.38e-50	185	100	100	1/1	Scaffold_1_30301..30400	100
Scaffold_1_30401..30500	Scaffold_1_30401..30500	100.000	100	0	0	1	100	1	100	4.38e-50	185	100	100	1/1	Scaffold_1_30401..30500	100
Scaffold_1_30501..30600	Scaffold_1_30501..30600	100.000	100	0	0	1	100	1	100	4.38e-50	185	100	100	1/1	Scaffold_1_30501..30600	100
Scaffold_1_30601..30700	Scaffold_1_30601..30700	100.000	100	0	0	1	100	1	100	4.38e-50	185	100	100	1/1	Scaffold_1_30601..30700	100
Scaffold_1_30701..30800	Scaffold_1_30701..30800	100.000	100	0	0	1	100	1	100	4.38e-50	185	100	100	1/1	Scaffold_1_30701..30800	100
Scaffold_1_30801..30900	Scaffold_1_30801..30900	100.000	100	0	0	1	100	1	100	4.38e-50	185	100	100	1/1	Scaffold_1_30801..30900	100
Scaffold_1_30901..31000	Scaffold_1_30901..31000	100.000	100	0	0	1	100	1	100	4.38e-50	185	100	100	1/1	Scaffold_1_30901..31000	100
Scaffold_1_31001..31100	Scaffold_1_31001..31100	100.000	100	0	0	1	100	1	100	4.38e-50	185	100	100	1/1	Scaffold_1_31001..31100	100
Scaffold_1_31101..31200	Scaffold_1_31101..31200	100.000	100	0	0	1	100	1	100	4.38e-50	185	100	100	1/1	Scaffold_1_31101..31200	100
Scaffold_1_31201..31300	Scaffold_1_31201..31300	100.000	100	0	0	1	100	1	100	4.38e-50	185	100	100	1/1	Scaffold_1_31201..31300	100
Scaffold_1_31301..31400	Scaffold_1_31301..31400	100.000	100	0	0	1	100	1	100	4.38e-50	185	100	100	1/1	Scaffold_1_31301..31400	100
Scaffold_1_31401..31500	Scaffold_1_31401..31500	100.000	100	0	0	1	100	1	100	4.38e-50	185	100	100	1/1	Scaffold_1_31401..31500	100
Scaffold_1_31501..31600	Scaffold_1_31501..31600	100.000	100	0	0	1	100	1	100	4.38e-50	185	100	100	1/1	Scaffold_1_31501..31600	100
Scaffold_1_31601..31700	Scaffold_1_31601..31700	100.000	100	0	0	1	100	1	100	4.38e-50	185	100	100	1/1	Scaffold_1_31601..31700	100
Scaffold_1_31701..31800	Scaffold_1_31701..31800	100.000	100	0	0	1	100	1	100	4.38e-50	185	100	100	1/1	Scaffold_1_31701..31800	100
Scaffold_1_31801..31900	Scaffold_1_31801..31900	100.000	100	0	0	1	100	1	100	4.38e-50	185	100	100	1/1	Scaffold_1_31801..31900	100
Scaffold_1_31901..32000	Scaffold_1_31901..32000	100.000	100	0	0	1	100	1	100	4.38e-50	185	100	100	1/1	Scaffold_1_31901..32000	100
Scaffold_1_32001..32100	Scaffold_1_32001..32100	100.000	100	0	0	1	100	1	100	4.38e-50	185	100	100	1/1	Scaffold_1_32001..32100	100
Scaffold_1_32101..32200	Scaffold_1_32101..32200	100.000	100	0	0	1	100	1	100	4.38e-50	185	100	100	1/1	Scaffold_1_32101..32200	100
Scaffold_1_32201..32300	Scaffold_1_32201..32300	100.000	100	0	0	1	100	1	100	4.38e-50	185	100	100	1/1	Scaffold_1_32201..32300	100
Scaffold_1_32301..32400	Scaffold_1_32301..32400	100.000	100	0	0	1	100	1	100	4.38e-50	185	100	100	1/1	Scaffold_1_32301..32400	100
Scaffold_1_32401..32500	Scaffold_1_32401..32500	100.000	100	0	0	1	100	1	100	4.38e-50	185	100	100	1/1	Scaffold_1_32401..32500	100
Scaffold_1_32501..32600	Scaffold_1_32501..32600	100.000	100	0	0	1	100	1	100	4.38e-50	185	100	100	1/1	Scaffold_1_32501..32600	100
Scaffold_1_32601..32700	Scaffold_1_32601..32700	100.000	100	0	0	1	100	1	100	4.38e-50	185	100	100	1/1	Scaffold_1_32601..32700	100
Scaffold_1_32701..32800	Scaffold_1_32701..32800	100.000	100	0	0	1	100	1	100	4.38e-50	185	100	100	1/1	Scaffold_1_32701..32800	100
Scaffold_1_32801..32900	Scaffold_1_32801..32900	100.000	100	0	0	1	100	1	100	4.38e-50	185	100	100	1/1	Scaffold_1_32801..32900	100
Scaffold_1_32901..33000	Scaffold_1_32901..33000	100.000	100	0	0	1	100	1	100	4.38e-50	185	100	100	1/1	Scaffold_1_32901..33000	100
Scaffold_1_33001..33100	Scaffold_1_33001..33100	100.000	100	0	0	1	100	1	100	4.38e-50	185	100	100	1/1	Scaffold_1_33001..33100	100
Scaffold_1_33101..33200	Scaffold_1_33101..33200	100.000	100	0	0	1	100	1	100	4.38e-50	185	100	100	1/1	Scaffold_1_33101..33200	100
Scaffold_1_33201..33300	Scaffold_1_33201..33300	100.000	100	0	0	1	100	1	100	4.38e-50	185	100	100	1/1	Scaffold_1_33201..33300	100
Scaffold_1_33301..33400	Scaffold_1_33301..33400	100.000	100	0	0	1	100	1	100	4.38e-50	185	100	100	1/1	Scaffold_1_33301..33400	100
Scaffold_1_33401..33500	Scaffold_1_33401..33500	100.000	100	0	0	1	100	1	100	4.38e-50	185	100	100	1/1	Scaffold_1_33401..33500	100
Scaffold_1_33501..33600	Scaffold_1_33501..33600	100.000	100	0	0	1	100	1	100	4.38e-50	185	100	100	1/1	Scaffold_1_33501..33600	100
Scaffold_1_33601..33700	Scaffold_1_33601..33700	100.000	100	0	0	1	100	1	100	4.38e-50	185	100	100	1/1	Scaffold_1_33601..33700	100
Scaffold_1_33601..33700	Scaffold_1_12201..12300	93.939	66	2	1	36	99	95	30	5.86e-24	99.0	100	100	1/-1	Scaffold_1_12201..12300	64
Scaffold_1_33601..33700	Scaffold_1_42401..42500	95.745	47	2	0	13	59	47	1	2.75e-17	76.8	100	100	1/-1	Scaffold_1_42401..42500	47
Scaffold_1_33701..33800	Scaffold_1_33701..33800	100.000	100	0	0	1	100	1	100	4.38e-50	185	100	100	1/1	Scaffold_1_33701..33800	100
Scaffold_1_33801..33900	Scaffold_1_33801..33900	100.000	100	0	0	1	100	1	100	4.38e-50	185	100	100	1/1	Scaffold_1_33801..33900	100
Scaffold_1_33901..34000	Scaffold_1_33901..34000	100.000	100	0	0	1	100	1	100	4.38e-50	185	100	100	1/1	Scaffold_1_33901..34000	100
Scaffold_1_34001..34100	Scaffold_1_34001..34100	100.000	100	0	0	1	100	1	100	4.38e-50	185	100	100	1/1	Scaffold_1_34001..34100	100
Scaffold_1_34101..34200	Scaffold_1_34101..34200	100.000	100	0	0	1	100	1	100	4.38e-50	185	100	100	1/1	Scaffold_1_34101..34200	100
Scaffold_1_34201..34300	Scaffold_1_34201..34300	100.000	100	0	0	1	100	1	100	4.38e-50	185	100	100	1/1	Scaffold_1_34201..34300	100
Scaffold_1_34301..34400	Scaffold_1_34301..34400	100.000	100	0	0	1	100	1	100	4.38e-50	185	100	100	1/1	Scaffold_1_34301..34400	100
Scaffold_1_34401..34500	Scaffold_1_34401..34500	100.000	100	0	0	1	100	1	100	4.38e-50	185	100	100	1/1	Scaffold_1_34401..34500	100
Scaffold_1_34501..34600	Scaffold_1_34501..34600	100.000	100	0	0	1	100	1	100	4.38e-50	185	100	100	1/1	Scaffold_1_34501..34600	100
Scaffold_1_34601..34700	Scaffold_1_34601..34700	100.000	100	0	0	1	100	1	100	4.38e-50	185	100	100	1/1	Scaffold_1_34601..34700	100
Scaffold_1_34601..34700	Scaffold_1_35001..35100	95.000	40	2	0	48	87	40	1	2.14e-13	63.9	100	100	1/-1	Scaffold_1_35001..35100	40
Scaffold_1_34701..34800	Scaffold_1_34701..34800	100.000	100	0	0	1	100	1	100	4.38e-50	185	100	100	1/1	Scaffold_1_34701..34800	100
Scaffold_1_34801..34900	Scaffold_1_34801..34900	100.000	100	0	0	1	100	1	100	4.38e-50	185	100	100	1/1	Scaffold_1_34801..34900	100
Scaffold_1_34901..35000	Scaffold_1_34901..35000	100.000	100	0	0	1	100	1	100	4.38e-50	185	100	100	1/1	Scaffold_1_34901..35000	100
Scaffold_1_10001..10100	Scaffold_1_10001..10100	100.000	100	0	0	1	100	1	100	4.38e-50	185	100	100	1/1	Scaffold_1_10001..10100	100
Scaffold_1_10101..10200	Scaffold_1_10101..10200	100.000	100	0	0	1	100	1	100	4.38e-50	185	100	100	1/1	Scaffold_1_10101..10200	100
Scaffold_1_10201..10300	Scaffold_1_10201..10300	100.000	100	0	0	1	100	1	100	4.38e-50	185	100	100	1/1	Scaffold_1_10201..10300	100
Scaffold_1_10301..10400	Scaffold_1_10301..10400	100.000	100	0	0	1	100	1	100	4.38e-50	185	100	100	1/1	Scaffold_1_10301..10400	100
Scaffold_1_10401..10500	Scaffold_1_10401..10500	100.000	100	0	0	1	100	1	100	4.38e-50	185	100	100	1/1	Scaffold_1_10401..10500	100
Scaffold_1_10501..10600	Scaffold_1_10501..10600	100.000	100	0	0	1	100	1	100	4.38e-50	185	100	100	1/1	Scaffold_1_10501..10600	100
Scaffold_1_10601..10700	Scaffold_1_10601..10700	100.000	100	0	0	1	100	1	100	4.38e-50	185	100	100	1/1	Scaffold_1_10601..10700	100
Scaffold_1_10701..10800	Scaffold_1_10701..10800	100.000	100	0	0	1	100	1	100	4.38e-50	185	100	100	1/1	Scaffold_1_10701..10800	100
Scaffold_1_10801..10900	Scaffold_1_10801..10900	100.000	100	0	0	1	100	1	100	4.38e-50	185	100	100	1/1	Scaffold_1_10801..10900	100
Scaffold_1_10901..11000	Scaffold_1_10901..11000	100.000	100	0	0	1	100	1	100	4.38e-50	185	100	100	1/1	Scaffold_1_10901..11000	100
Scaffold_1_11001..11100	Scaffold_1_11001..11100	100.000	100	0	0	1	100	1	100	4.38e-50	185	100	100	1/1	Scaffold_1_11001..11100	100
Scaffold_1_11101..11200	Scaffold_1_11101..11200	100.000	100	0	0	1	100	1	100	4.38e-50	185	100	100	1/1	Scaffold_1_11101..11200	100
Scaffold_1_11201..11300	Scaffold_1_11201..11300	100.000	100	0	0	1	100	1	100	4.38e-50	185	100	100	1/1	Scaffold_1_11201..11300	100
Scaffold_1_11301..11400	Scaffold_1_11301..11400	100.000	100	0	0	1	100	1	100	4.38e-50	185	100	100	1/1	Scaffold_1_11301..11400	100
Scaffold_1_11401..11500	Scaffold_1_11401..11500	100.000	100	0	0	1	100	1	100	4.38e-50	185	100	100	1/1	Scaffold_1_11401..11500	100
Scaffold_1_11501..11600	Scaffold_1_11501..11600	100.000	100	0	0	1	100	1	100	4.38e-50	185	100	100	1/1	Scaffold_1_11501..11600	100
Scaffold_1_11601..11700	Scaffold_1_11601..11700	100.000	100	0	0	1	100	1	100	4.38e-50	185	100	100	1/1	Scaffold_1_11601..11700	100
Scaffold_1_11701..11800	Scaffold_1_11701..11800	100.000	100	0	0	1	100	1	100	4.38e-50	185	100	100	1/1	Scaffold_1_11701..11800	100
Scaffold_1_11801..11900	Scaffold_1_11801..11900	100.000	100	0	0	1	100	1	100	4.38e-50	185	100	100	1/1	Scaffold_1_11801..11900	100
Scaffold_1_11901..12000	Scaffold_1_11901..12000	100.000	100	0	0	1	100	1	100	4.38e-50	185	100	100	1/1	Scaffold_1_11901..12000	100
Scaffold_1_12001..12100	Scaffold_1_12001..12100	100.000	100	0	0	1	100	1	100	4.38e-50	185	100	100	1/1	Scaffold_1_12001..12100	100
Scaffold_1_12101..12200	Scaffold_1_12101..12200	100.000	100	0	0	1	100	1	100	4.38e-50	185	100	100	1/1	Scaffold_1_12101..12200	100
Scaffold_1_12201..12300	Scaffold_1_12201..12300	100.000	100	0	0	1	100	1	100	4.38e-50	185	100	100	1/1	Scaffold_1_12201..12300	100
Scaffold_1_12201..12300	Scaffold_1_33601..33700	93.939	66	2	1	30	95	99	36	5.86e-24	99.0	100	100	1/-1	Scaffold_1_33601..33700	66
Scaffold_1_12301..12400	Scaffold_1_12301..12400	100.000	100	0	0	1	100	1	100	4.38e-50	185	100	100	1/1	Scaffold_1_12301..12400	100
Scaffold_1_12401..12500	Scaffold_1_12401..12500	100.000	100	0	0	1	100	1	100	4.38e-50	185	100	100	1/1	Scaffold_1_12401..12500	100
Scaffold_1_12501..12600	Scaffold_1_12501..12600	100.000	100	0	0	1	100	1	100	4.38e-50	185	100	100	1/1	Scaffold_1_12501..12600	100
Scaffold_1_12601..12700	Scaffold_1_12601..12700	100.000	100	0	0	1	100	1	100	4.38e-50	185	100	100	1/1	Scaffold_1_12601..12700	100
Scaffold_1_12701..12800	Scaffold_1_12701..12800	100.000	100	0	0	1	100	1	100	4.38e-50	185	100	100	1/1	Scaffold_1_12701..12800	100
Scaffold_1_12801..12900	Scaffold_1_12801..12900	100.000	100	0	0	1	100	1	100	4.38e-50	185	100	100	1/1	Scaffold_1_12801..12900	100
Scaffold_1_12901..13000	Scaffold_1_12901..13000	100.000	100	0	0	1	100	1	100	4.38e-50	185	100	100	1/1	Scaffold_1_12901..13000	100
Scaffold_1_13001..13100	Scaffold_1_13001..13100	100.000	100	0	0	1	100	1	100	4.38e-50	185	100	100	1/1	Scaffold_1_13001..13100	100
Scaffold_1_13101..13200	Scaffold_1_13101..13200	100.000	100	0	0	1	100	1	100	4.38e-50	185	100	100	1/1	Scaffold_1_13101..13200	100
Scaffold_1_13201..13300	Scaffold_1_13201..13300	100.000	100	0	0	1	100	1	100	4.38e-50	185	100	100	1/1	Scaffold_1_13201..13300	100
Scaffold_1_13301..13400	Scaffold_1_13301..13400	100.000	100	0	0	1	100	1	100	4.38e-50	185	100	100	1/1	Scaffold_1_13301..13400	100
Scaffold_1_13401..13500	Scaffold_1_13401..13500	100.000	100	0	0	1	100	1	100	4.38e-50	185	100	100	1/1	Scaffold_1_13401..13500	100
Scaffold_1_13501..13600	Scaffold_1_13501..13600	100.000	100	0	0	1	100	1	100	4.38e-50	185	100	100	1/1	Scaffold_1_13501..13600	100
Scaffold_1_13601..13700	Scaffold_1_13601..13700	100.000	100	0	0	1	100	1	100	4.38e-50	185	100	100	1/1	Scaffold_1_13601..13700	100
Scaffold_1_13701..13800	Scaffold_1_13701..13800	100.000	100	0	0	1	100	1	100	4.38e-50	185	100	100	1/1	Scaffold_1_13701..13800	100
Scaffold_1_13801..13900	Scaffold_1_13801..13900	100.000	100	0	0	1	100	1	100	4.38e-50	185	100	100	1/1	Scaffold_1_13801..13900	100
Scaffold_1_13901..14000	Scaffold_1_13901..14000	100.000	100	0	0	1	100	1	100	4.38e-50	185	100	100	1/1	Scaffold_1_13901..14000	100
Scaffold_1_14001..14100	Scaffold_1_14001..14100	100.000	100	0	0	1	100	1	100	4.38e-50	185	100	100	1/1	Scaffold_1_14001..14100	100
Scaffold_1_14101..14200	Scaffold_1_14101..14200	100.000	100	0	0	1	100	1	100	4.38e-50	185	100	100	1/1	Scaffold_1_14101..14200	100
Scaffold_1_14201..14300	Scaffold_1_14201..14300	100.000	100	0	0	1	100	1	100	4.38e-50	185	100	100	1/1	Scaffold_1_14201..14300	100
Scaffold_1_14301..14400	Scaffold_1_14301..14400	100.000	100	0	0	1	100	1	100	4.38e-50	185	100	100	1/1	Scaffold_1_14301..14400	100
Scaffold_1_14401..14500	Scaffold_1_14401..14500	100.000	100	0	0	1	100	1	100	4.38e-50	185	100	100	1/1	Scaffold_1_14401..14500	100
Scaffold_1_14501..14600	Scaffold_1_14501..14600	100.000	100	0	0	1	100	1	100	4.38e-50	185	100	100	1/1	Scaffold_1_14501..14600	100
Scaffold_1_14601..14700	Scaffold_1_14601..14700	100.000	100	0	0	1	100	1	100	4.38e-50	185	100	100	1/1	Scaffold_1_14601..14700	100
Scaffold_1_14701..14800	Scaffold_1_14701..14800	100.000	100	0	0	1	100	1	100	4.38e-50	185	100	100	1/1	Scaffold_1_14701..14800	100
Scaffold_1_14801..14900	Scaffold_1_14801..14900	100.000	100	0	0	1	100	1	100	4.38e-50	185	100	100	1/1	Scaffold_1_14801..14900	100
Scaffold_1_14901..15000	Scaffold_1_14901..15000	100.000	100	0	0	1	100	1	100	4.38e-50	185	100	100	1/1	Scaffold_1_14901..15000	100
Scaffold_1_45001..45100	Scaffold_1_45001..45100	100.000	100	0	0	1	100	1	100	4.38e-50	185	100	100	1/1	Scaffold_1_45001..45100	100
Scaffold_1_45101..45200	Scaffold_1_45101..45200	100.000	100	0	0	1	100	1	100	4.38e-50	185	100	100	1/1	Scaffold_1_45101..45200	100
Scaffold_1_45201..45300	Scaffold_1_45201..45300	100.000	100	0	0	1	100	1	100	4.38e-50	185	100	100	1/1	Scaffold_1_45201..45300	100
Scaffold_1_45301..45400	Scaffold_1_45301..45400	100.000	100	0	0	1	100	1	100	4.38e-50	185	100	100	1/1	Scaffold_1_45301..45400	100
Scaffold_1_45401..45500	Scaffold_1_45401..45500	100.000	100	0	0	1	100	1	100	4.38e-50	185	100	100	1/1	Scaffold_1_45401..45500	100
Scaffold_1_45501..45600	Scaffold_1_45501..45600	100.000	100	0	0	1	100	1	100	4.38e-50	185	100	100	1/1	Scaffold_1_45501..45600	100
Scaffold_1_45601..45700	Scaffold_1_45601..45700	100.000	100	0	0	1	100	1	100	4.38e-50	185	100	100	1/1	Scaffold_1_45601..45700	100
Scaffold_1_45701..45800	Scaffold_1_45701..45800	100.000	100	0	0	1	100	1	100	4.38e-50	185	100	100	1/1	Scaffold_1_45701..45800	100
Scaffold_1_45801..45900	Scaffold_1_45801..45900	100.000	100	0	0	1	100	1	100	4.38e-50	185	100	100	1/1	Scaffold_1_45801..45900	100
Scaffold_1_45901..46000	Scaffold_1_45901..46000	100.000	100	0	0	1	100	1	100	4.38e-50	185	100	100	1/1	Scaffold_1_45901..46000	100
Scaffold_1_46001..46100	Scaffold_1_46001..46100	100.000	100	0	0	1	100	1	100	4.38e-50	185	100	100	1/1	Scaffold_1_46001..46100	100
Scaffold_1_46101..46200	Scaffold_1_46101..46200	100.000	100	0	0	1	100	1	100	4.38e-50	185	100	100	1/1	Scaffold_1_46101..46200	100
Scaffold_1_46201..46300	Scaffold_1_46201..46300	100.000	100	0	0	1	100	1	100	4.38e-50	185	100	100	1/1	Scaffold_1_46201..46300	100
Scaffold_1_46301..46400	Scaffold_1_46301..46400	100.000	100	0	0	1	100	1	100	4.38e-50	185	100	100	1/1	Scaffold_1_46301..46400	100
Scaffold_1_46401..46500	Scaffold_1_46401..46500	100.000	100	0	0	1	100	1	100	4.38e-50	185	100	100	1/1	Scaffold_1_46401..46500	100
Scaffold_1_46501..46600	Scaffold_1_46501..46600	100.000	100	0	0	1	100	1	100	4.38e-50	185	100	100	1/1	Scaffold_1_46501..46600	100
Scaffold_1_46601..46700	Scaffold_1_46601..46700	100.000	100	0	0	1	100	1	100	4.38e-50	185	100	100	1/1	Scaffold_1_46601..46700	100
Scaffold_1_46701..46800	Scaffold_1_46701..46800	100.000	100	0	0	1	100	1	100	4.38e-50	185	100	100	1/1	Scaffold_1_46701..46800	100
Scaffold_1_46801..46900	Scaffold_1_46801..46900	100.000	100	0	0	1	100	1	100	4.38e-50	185	100	100	1/1	Scaffold_1_46801..46900	100
Scaffold_1_46901..47000	Scaffold_1_46901..47000	100.000	100	0	0	1	100	1	100	4.38e-50	185	100	100	1/1	Scaffold_1_46901..47000	100
Scaffold_1_47001..47100	Scaffold_1_47001..47100	100.000	100	0	0	1	100	1	100	4.38e-50	185	100	100	1/1	Scaffold_1_47001..47100	100
Scaffold_1_47101..47200	Scaffold_1_47101..47200	100.000	100	0	0	1	100	1	100	4.38e-50	185	100	100	1/1	Scaffold_1_47101..47200	100
Scaffold_1_47201..47300	Scaffold_1_47201..47300	100.000	100	0	0	1	100	1	100	4.38e-50	185	100	100	1/1	Scaffold_1_47201..47300	100
Scaffold_1_47301..47400	Scaffold_1_47301..47400	100.000	100	0	0	1	100	1	100	4.38e-50	185	100	100	1/1	Scaffold_1_47301..47400	100
Scaffold_1_47401..47500	Scaffold_1_47401..47500	100.000	100	0	0	1	100	1	100	4.38e-50	185	100	100	1/1	Scaffold_1_47401..47500	100
Scaffold_1_47501..47600	Scaffold_1_47501..47600	100.000	100	0	0	1	100	1	100	4.38e-50	185	100	100	1/1	Scaffold_1_47501..47600	100
Scaffold_1_47601..47700	Scaffold_1_47601..47700	100.000	100	0	0	1	100	1	100	4.38e-50	185	100	100	1/1	Scaffold_1_47601..47700	100
Scaffold_1_47701..47800	Scaffold_1_47701..47800	100.000	100	0	0	1	100	1	100	4.38e-50	185	100	100	1/1	Scaffold_1_47701..47800	100
Scaffold_1_47801..47900	Scaffold_1_47801..47900	100.000	100	0	0	1	100	1	100	4.38e-50	185	100	100	1/1	Scaffold_1_47801..47900	100
Scaffold_1_47901..48000	Scaffold_1_47901..48000	100.000	100	0	0	1	100	1	100	4.38e-50	185	100	100	1/1	Scaffold_1_47901..48000	100
Scaffold_1_48001..48100	Scaffold_1_48001..48100	100.000	100	0	0	1	100	1	100	4.38e-50	185	100	100	1/1	Scaffold_1_48001..48100	100
Scaffold_1_48101..48200	Scaffold_1_48101..48200	100.000	100	0	0	1	100	1	100	4.38e-50	185	100	100	1/1	Scaffold_1_48101..48200	100
Scaffold_1_48201..48300	Scaffold_1_48201..48300	100.000	100	0	0	1	100	1	100	4.38e-50	185	100	100	1/1	Scaffold_1_48201..48300	100
Scaffold_1_48301..48400	Scaffold_1_48301..48400	100.000	100	0	0	1	100	1	100	4.38e-50	185	100	100	1/1	Scaffold_1_48301..48400	100
Scaffold_1_48401..48500	Scaffold_1_48401..48500	100.000	100	0	0	1	100	1	100	4.38e-50	185	100	100	1/1	Scaffold_1_48401..48500	100
Scaffold_1_48501..48600	Scaffold_1_48501..48600	100.000	100	0	0	1	100	1	100	4.38e-50	185	100	100	1/1	Scaffold_1_48501..48600	100
Scaffold_1_48601..48700	Scaffold_1_48601..48700	100.000	100	0	0	1	100	1	100	4.38e-50	185	100	100	1/1	Scaffold_1_48601..48700	100
Scaffold_1_48701..48800	Scaffold_1_48701..48800	100.000	100	0	0	1	100	1	100	4.38e-50	185	100	100	1/1	Scaffold_1_48701..48800	100
Scaffold_1_48801..48900	Scaffold_1_48801..48900	100.000	100	0	0	1	100	1	100	4.38e-50	185	100	100	1/1	Scaffold_1_48801..48900	100
Scaffold_1_48901..49000	Scaffold_1_48901..49000	100.000	100	0	0	1	100	1	100	4.38e-50	185	100	100	1/1	Scaffold_1_48901..49000	100
Scaffold_1_49001..49100	Scaffold_1_49001..49100	100.000	100	0	0	1	100	1	100	4.38e-50	185	100	100	1/1	Scaffold_1_49001..49100	100
Scaffold_1_49101..49200	Scaffold_1_49101..49200	100.000	100	0	0	1	100	1	100	4.38e-50	185	100	100	1/1	Scaffold_1_49101..49200	100
Scaffold_1_49201..49300	Scaffold_1_49201..49300	100.000	100	0	0	1	100	1	100	4.38e-50	185	100	100	1/1	Scaffold_1_49201..49300	100
Scaffold_1_49301..49400	Scaffold_1_49301..49400	100.000	100	0	0	1	100	1	100	4.38e-50	185	100	100	1/1	Scaffold_1_49301..49400	100
Scaffold_1_49401..49500	Scaffold_1_49401..49500	100.000	100	0	0	1	100	1	100	4.38e-50	185	100	100	1/1	Scaffold_1_49401..49500	100
Scaffold_1_49501..49600	Scaffold_1_49501..49600	100.000	100	0	0	1	100	1	100	4.38e-50	185	100	100	1/1	Scaffold_1_49501..49600	100
Scaffold_1_49601..49700	Scaffold_1_49601..49700	100.000	100	0	0	1	100	1	100	4.38e-50	185	100	100	1/1	Scaffold_1_49601..49700	100
Scaffold_1_49701..49800	Scaffold_1_49701..49800	100.000	100	0	0	1	100	1	100	4.38e-50	185	100	100	1/1	Scaffold_1_49701..49800	100
Scaffold_1_49801..49900	Scaffold_1_49801..49900	100.000	100	0	0	1	100	1	100	4.38e-50	185	100	100	1/1	Scaffold_1_49801..49900	100
Scaffold_1_1..100	Scaffold_1_1..100	100.000	100	0	0	1	100	1	100	4.38e-50	185	100	100	1/1	Scaffold_1_1..100	100
Scaffold_1_101..200	Scaffold_1_101..200	100.000	100	0	0	1	100	1	100	4.38e-50	185	100	100	1/1	Scaffold_1_101..200	100
Scaffold_1_201..300	Scaffold_1_201..300	100.000	100	0	0	1	100	1	100	4.38e-50	185	100	100	1/1	Scaffold_1_201..300	100
Scaffold_1_301..400	Scaffold_1_301..400	100.000	100	0	0	1	100	1	100	4.38e-50	185	100	100	1/1	Scaffold_1_301..400	100
Scaffold_1_401..500	Scaffold_1_401..500	100.000	100	0	0	1	100	1	100	4.38e-50	185	100	100	1/1	Scaffold_1_401..500	100
Scaffold_1_501..600	Scaffold_1_501..600	100.000	100	0	0	1	100	1	100	4.38e-50	185	100	100	1/1	Scaffold_1_501..600	100
Scaffold_1_601..700	Scaffold_1_601..700	100.000	100	0	0	1	100	1	100	4.38e-50	185	100	100	1/1	Scaffold_1_601..700	100
Scaffold_1_701..800	Scaffold_1_701..800	100.000	100	0	0	1	100	1	100	4.38e-50	185	100	100	1/1	Scaffold_1_701..800	100
Scaffold_1_801..900	Scaffold_1_801..900	100.000	100	0	0	1	100	1	100	4.38e-50	185	100	100	1/1	Scaffold_1_801..900	100
Scaffold_1_901..1000	Scaffold_1_901..1000	100.000	100	0	0	1	100	1	100	4.38e-50	185	100	100	1/1	Scaffold_1_901..1000	100
Scaffold_1_1001..1100	Scaffold_1_1001..1100	100.000	100	0	0	1	100	1	100	4.38e-50	185	100	100	1/1	Scaffold_1_1001..1100	100
Scaffold_1_1101..1200	Scaffold_1_1101..1200	100.000	100	0	0	1	100	1	100	4.38e-50	185	100	100	1/1	Scaffold_1_1101..1200	100
Scaffold_1_1201..1300	Scaffold_1_1201..1300	100.000	100	0	0	1	100	1	100	4.38e-50	185	100	100	1/1	Scaffold_1_1201..1300	100
Scaffold_1_1301..1400	Scaffold_1_1301..1400	100.000	100	0	0	1	100	1	100	4.38e-50	185	100	100	1/1	Scaffold_1_1301..1400	100
Scaffold_1_1401..1500	Scaffold_1_1401..1500	100.000	100	0	0	1	100	1	100	4.38e-50	185	100	100	1/1	Scaffold_1_1401..1500	100
Scaffold_1_1501..1600	Scaffold_1_1501..1600	100.000	100	0	0	1	100	1	100	4.38e-50	185	100	100	1/1	Scaffold_1_1501..1600	100
Scaffold_1_1601..1700	Scaffold_1_1601..1700	100.000	100	0	0	1	100	1	100	4.38e-50	185	100	100	1/1	Scaffold_1_1601..1700	100
Scaffold_1_1701..1800	Scaffold_1_1701..1800	100.000	100	0	0	1	100	1	100	4.38e-50	185	100	100	1/1	Scaffold_1_1701..1800	100
Scaffold_1_1801..1900	Scaffold_1_1801..1900	100.000	100	0	0	1	100	1	100	4.38e-50	185	100	100	1/1	Scaffold_1_1801..1900	100
Scaffold_1_1901..2000	Scaffold_1_1901..2000	100.000	100	0	0	1	100	1	100	4.38e-50	185	100	100	1/1	Scaffold_1_1901..2000	100
Scaffold_1_2001..2100	Scaffold_1_2001..2100	100.000	100	0	0	1	100	1	100	4.38e-50	185	100	100	1/1	Scaffold_1_2001..2100	100
Scaffold_1_2101..2200	Scaffold_1_2101..2200	100.000	100	0	0	1	100	1	100	4.38e-50	185	100	100	1/1	Scaffold_1_2101..2200	100
Scaffold_1_2201..2300	Scaffold_1_2201..2300	100.000	100	0	0	1	100	1	100	4.38e-50	185	100	100	1/1	Scaffold_1_2201..2300	100
Scaffold_1_2301..2400	Scaffold_1_2301..2400	100.000	100	0	0	1	100	1	100	4.38e-50	185	100	100	1/1	Scaffold_1_2301..2400	100
Scaffold_1_2401..2500	Scaffold_1_2401..2500	100.000	100	0	0	1	100	1	100	4.38e-50	185	100	100	1/1	Scaffold_1_2401..2500	100
Scaffold_1_2501..2600	Scaffold_1_2501..2600	100.000	100	0	0	1	100	1	100	4.38e-50	185	100	100	1/1	Scaffold_1_2501..2600	100
Scaffold_1_2601..2700	Scaffold_1_2601..2700	100.000	100	0	0	1	100	1	100	4.38e-50	185	100	100	1/1	Scaffold_1_2601..2700	100
Scaffold_1_2701..2800	Scaffold_1_2701..2800	100.000	100	0	0	1	100	1	100	4.38e-50	185	100	100	1/1	Scaffold_1_2701..2800	100
Scaffold_1_2801..2900	Scaffold_1_2801..2900	100.000	100	0	0	1	100	1	100	4.38e-50	185	100	100	1/1	Scaffold_1_2801..2900	100
Scaffold_1_2901..3000	Scaffold_1_2901..3000	100.000	100	0	0	1	100	1	100	4.38e-50	185	100	100	1/1	Scaffold_1_2901..3000	100
Scaffold_1_3001..3100	Scaffold_1_3001..3100	100.000	100	0	0	1	100	1	100	4.38e-50	185	100	100	1/1	Scaffold_1_3001..3100	100
Scaffold_1_3101..3200	Scaffold_1_3101..3200	100.000	100	0	0	1	100	1	100	4.38e-50	185	100	100	1/1	Scaffold_1_3101..3200	100
Scaffold_1_3201..3300	Scaffold_1_3201..3300	100.000	100	0	0	1	100	1	100	4.38e-50	185	100	100	1/1	Scaffold_1_3201..3300	100
Scaffold_1_3301..3400	Scaffold_1_3301..3400	100.000	100	0	0	1	100	1	100	4.38e-50	185	100	100	1/1	Scaffold_1_3301..3400	100
Scaffold_1_3401..3500	Scaffold_1_3401..3500	100.000	100	0	0	1	100	1	100	4.38e-50	185	100	100	1/1	Scaffold_1_3401..3500	100
Scaffold_1_3501..3600	Scaffold_1_3501..3600	100.000	100	0	0	1	100	1	100	4.38e-50	185	100	100	1/1	Scaffold_1_3501..3600	100
Scaffold_1_3601..3700	Scaffold_1_3601..3700	100.000	100	0	0	1	100	1	100	4.38e-50	185	100	100	1/1	Scaffold_1_3601..3700	100
Scaffold_1_3701..3800	Scaffold_1_3701..3800	100.000	100	0	0	1	100	1	100	4.38e-50	185	100	100	1/1	Scaffold_1_3701..3800	100
Scaffold_1_3801..3900	Scaffold_1_3801..3900	100.000	100	0	0	1	100	1	100	4.38e-50	185	100	100	1/1	Scaffold_1_3801..3900	100
Scaffold_1_3901..4000	Scaffold_1_3901..4000	100.000	100	0	0	1	100	1	100	4.38e-50	185	100	100	1/1	Scaffold_1_3901..4000	100
Scaffold_1_4001..4100	Scaffold_1_4001..4100	100.000	100	0	0	1	100	1	100	4.38e-50	185	100	100	1/1	Scaffold_1_4001..4100	100
Scaffold_1_4101..4200	Scaffold_1_4101..4200	100.000	100	0	0	1	100	1	100	4.38e-50	185	100	100	1/1	Scaffold_1_4101..4200	100
Scaffold_1_4201..4300	Scaffold_1_4201..4300	100.000	100	0	0	1	100	1	100	4.38e-50	185	100	100	1/1	Scaffold_1_4201..4300	100
Scaffold_1_4301..4400	Scaffold_1_4301..4400	100.000	100	0	0	1	100	1	100	4.38e-50	185	100	100	1/1	Scaffold_1_4301..4400	100
Scaffold_1_4401..4500	Scaffold_1_4401..4500	100.000	100	0	0	1	100	1	100	4.38e-50	185	100	100	1/1	Scaffold_1_4401..4500	100
Scaffold_1_4501..4600	Scaffold_1_4501..4600	100.000	100	0	0	1	100	1	100	4.38e-50	185	100	100	1/1	Scaffold_1_4501..4600	100
Scaffold_1_4601..4700	Scaffold_1_4601..4700	100.000	100	0	0	1	100	1	100	4.38e-50	185	100	100	1/1	Scaffold_1_4601..4700	100
Scaffold_1_4701..4800	Scaffold_1_4701..4800	100.000	100	0	0	1	100	1	100	4.38e-50	185	100	100	1/1	Scaffold_1_4701..4800	100
Scaffold_1_4801..4900	Scaffold_1_4801..4900	100.000	100	0	0	1	100	1	100	4.38e-50	185	100	100	1/1	Scaffold_1_4801..4900	100
Scaffold_1_4901..5000	Scaffold_1_4901..5000	100.000	100	0	0	1	100	1	100	4.38e-50	185	100	100	1/1	Scaffold_1_4901..5000	100
Scaffold_1_25001..25100	Scaffold_1_25001..25100	100.000	100	0	0	1	100	1	100	4.38e-50	185	100	100	1/1	Scaffold_1_25001..25100	100
Scaffold_1_25101..25200	Scaffold_1_25101..25200	100.000	100	0	0	1	100	1	100	4.38e-50	185	100	100	1/1	Scaffold_1_25101..25200	100
Scaffold_1_25201..25300	Scaffold_1_25201..25300	100.000	100	0	0	1	100	1	100	4.38e-50	185	100	100	1/1	Scaffold_1_25201..25300	100
Scaffold_1_25301..25400	Scaffold_1_25301..25400	100.000	100	0	0	1	100	1	100	4.38e-50	185	100	100	1/1	Scaffold_1_25301..25400	100
Scaffold_1_25401..25500	Scaffold_1_25401..25500	100.000	100	0	0	1	100	1	100	4.38e-50	185	100	100	1/1	Scaffold_1_25401..25500	100
Scaffold_1_25501..25600	Scaffold_1_25501..25600	100.000	100	0	0	1	100	1	100	4.38e-50	185	100	100	1/1	Scaffold_1_25501..25600	100
Scaffold_1_25601..25700	Scaffold_1_25601..25700	100.000	100	0	0	1	100	1	100	4.38e-50	185	100	100	1/1	Scaffold_1_25601..25700	100
Scaffold_1_25701..25800	Scaffold_1_25701..25800	100.000	100	0	0	1	100	1	100	4.38e-50	185	100	100	1/1	Scaffold_1_25701..25800	100
Scaffold_1_25801..25900	Scaffold_1_25801..25900	100.000	100	0	0	1	100	1	100	4.38e-50	185	100	100	1/1	Scaffold_1_25801..25900	100
Scaffold_1_25901..26000	Scaffold_1_25901..26000	100.000	100	0	0	1	100	1	100	4.38e-50	185	100	100	1/1	Scaffold_1_25901..26000	100
Scaffold_1_26001..26100	Scaffold_1_26001..26100	100.000	100	0	0	1	100	1	100	4.38e-50	185	100	100	1/1	Scaffold_1_26001..26100	100
Scaffold_1_26101..26200	Scaffold_1_26101..26200	100.000	100	0	0	1	100	1	100	4.38e-50	185	100	100	1/1	Scaffold_1_26101..26200	100
Scaffold_1_26201..26300	Scaffold_1_26201..26300	100.000	100	0	0	1	100	1	100	4.38e-50	185	100	100	1/1	Scaffold_1_26201..26300	100
Scaffold_1_26301..26400	Scaffold_1_26301..26400	100.000	100	0	0	1	100	1	100	4.38e-50	185	100	100	1/1	Scaffold_1_26301..26400	100
Scaffold_1_26401..26500	Scaffold_1_26401..26500	100.000	100	0	0	1	100	1	100	4.38e-50	185	100	100	1/1	Scaffold_1_26401..26500	100
Scaffold_1_26501..26600	Scaffold_1_26501..26600	100.000	100	0	0	1	100	1	100	4.38e-50	185	100	100	1/1	Scaffold_1_26501..26600	100
Scaffold_1_26601..26700	Scaffold_1_26601..26700	100.000	100	0	0	1	100	1	100	4.38e-50	185	100	100	1/1	Scaffold_1_26601..26700	100
Scaffold_1_26701..26800	Scaffold_1_26701..26800	100.000	100	0	0	1	100	1	100	4.38e-50	185	100	100	1/1	Scaffold_1_26701..26800	100
Scaffold_1_26801..26900	Scaffold_1_26801..26900	100.000	100	0	0	1	100	1	100	4.38e-50	185	100	100	1/1	Scaffold_1_26801..26900	100
Scaffold_1_26901..27000	Scaffold_1_26901..27000	100.000	100	0	0	1	100	1	100	4.38e-50	185	100	100	1/1	Scaffold_1_26901..27000	100
Scaffold_1_27001..27100	Scaffold_1_27001..27100	100.000	100	0	0	1	100	1	100	4.38e-50	185	100	100	1/1	Scaffold_1_27001..27100	100
Scaffold_1_27101..27200	Scaffold_1_27101..27200	100.000	100	0	0	1	100	1	100	4.38e-50	185	100	100	1/1	Scaffold_1_27101..27200	100
Scaffold_1_27201..27300	Scaffold_1_27201..27300	100.000	100	0	0	1	100	1	100	4.38e-50	185	100	100	1/1	Scaffold_1_27201..27300	100
Scaffold_1_27301..27400	Scaffold_1_27301..27400	100.000	100	0	0	1	100	1	100	4.38e-50	185	100	100	1/1	Scaffold_1_27301..27400	100
Scaffold_1_27401..27500	Scaffold_1_27401..27500	100.000	100	0	0	1	100	1	100	4.38e-50	185	100	100	1/1	Scaffold_1_27401..27500	100
Scaffold_1_27501..27600	Scaffold_1_27501..27600	100.000	100	0	0	1	100	1	100	4.38e-50	185	100	100	1/1	Scaffold_1_27501..27600	100
Scaffold_1_27601..27700	Scaffold_1_27601..27700	100.000	100	0	0	1	100	1	100	4.38e-50	185	100	100	1/1	Scaffold_1_27601..27700	100
Scaffold_1_27701..27800	Scaffold_1_27701..27800	100.000	100	0	0	1	100	1	100	4.38e-50	185	100	100	1/1	Scaffold_1_27701..27800	100
Scaffold_1_27701..27800	Scaffold_1_27801..27900	93.651	63	4	0	38	100	5	67	7.59e-23	95.3	100	100	1/1	Scaffold_1_27801..27900	63
Scaffold_1_27801..27900	Scaffold_1_27801..27900	100.000	100	0	0	1	100	1	100	4.38e-50	185	100	100	1/1	Scaffold_1_27801..27900	100
Scaffold_1_27801..27900	Scaffold_1_27701..27800	93.651	63	4	0	5	67	38	100	7.59e-23	95.3	100	100	1/1	Scaffold_1_27701..27800	63
Scaffold_1_27901..28000	Scaffold_1_27901..28000	100.000	100	0	0	1	100	1	100	4.38e-50	185	100	100	1/1	Scaffold_1_27901..28000	100
Scaffold_1_28001..28100	Scaffold_1_28001..28100	100.000	100	0	0	1	100	1	100	4.38e-50	185	100	100	1/1	Scaffold_1_28001..28100	100
Scaffold_1_28101..28200	Scaffold_1_28101..28200	100.000	100	0	0	1	100	1	100	4.38e-50	185	100	100	1/1	Scaffold_1_28101..28200	100
Scaffold_1_28201..28300	Scaffold_1_28201..28300	100.000	100	0	0	1	100	1	100	4.38e-50	185	100	100	1/1	Scaffold_1_28201..28300	100
Scaffold_1_28301..28400	Scaffold_1_28301..28400	100.000	100	0	0	1	100	1	100	4.38e-50	185	100	100	1/1	Scaffold_1_28301..28400	100
Scaffold_1_28401..28500	Scaffold_1_28401..28500	100.000	100	0	0	1	100	1	100	4.38e-50	185	100	100	1/1	Scaffold_1_28401..28500	100
Scaffold_1_28501..28600	Scaffold_1_28501..28600	100.000	100	0	0	1	100	1	100	4.38e-50	185	100	100	1/1	Scaffold_1_28501..28600	100
Scaffold_1_28601..28700	Scaffold_1_28601..28700	100.000	100	0	0	1	100	1	100	4.38e-50	185	100	100	1/1	Scaffold_1_28601..28700	100
Scaffold_1_28701..28800	Scaffold_1_28701..28800	100.000	100	0	0	1	100	1	100	4.38e-50	185	100	100	1/1	Scaffold_1_28701..28800	100
Scaffold_1_28801..28900	Scaffold_1_28801..28900	100.000	100	0	0	1	100	1	100	4.38e-50	185	100	100	1/1	Scaffold_1_28801..28900	100
Scaffold_1_28901..29000	Scaffold_1_28901..29000	100.000	100	0	0	1	100	1	100	4.38e-50	185	100	100	1/1	Scaffold_1_28901..29000	100
Scaffold_1_29001..29100	Scaffold_1_29001..29100	100.000	100	0	0	1	100	1	100	4.38e-50	185	100	100	1/1	Scaffold_1_29001..29100	100
Scaffold_1_29101..29200	Scaffold_1_29101..29200	100.000	100	0	0	1	100	1	100	4.38e-50	185	100	100	1/1	Scaffold_1_29101..29200	100
Scaffold_1_29201..29300	Scaffold_1_29201..29300	100.000	100	0	0	1	100	1	100	4.38e-50	185	100	100	1/1	Scaffold_1_29201..29300	100
Scaffold_1_29301..29400	Scaffold_1_29301..29400	100.000	100	0	0	1	100	1	100	4.38e-50	185	100	100	1/1	Scaffold_1_29301..29400	100
Scaffold_1_29401..29500	Scaffold_1_29401..29500	100.000	100	0	0	1	100	1	100	4.38e-50	185	100	100	1/1	Scaffold_1_29401..29500	100
Scaffold_1_29501..29600	Scaffold_1_29501..29600	100.000	100	0	0	1	100	1	100	4.38e-50	185	100	100	1/1	Scaffold_1_29501..29600	100
Scaffold_1_29601..29700	Scaffold_1_29601..29700	100.000	100	0	0	1	100	1	100	4.38e-50	185	100	100	1/1	Scaffold_1_29601..29700	100
Scaffold_1_29701..29800	Scaffold_1_29701..29800	100.000	100	0	0	1	100	1	100	4.38e-50	185	100	100	1/1	Scaffold_1_29701..29800	100
Scaffold_1_29801..29900	Scaffold_1_29801..29900	100.000	100	0	0	1	100	1	100	4.38e-50	185	100	100	1/1	Scaffold_1_29801..29900	100
Scaffold_1_29901..30000	Scaffold_1_29901..30000	100.000	100	0	0	1	100	1	100	4.38e-50	185	100	100	1/1	Scaffold_1_29901..30000	100
Scaffold_1_35001..35100	Scaffold_1_35001..35100	100.000	100	0	0	1	100	1	100	4.38e-50	185	100	100	1/1	Scaffold_1_35001..35100	100
Scaffold_1_35001..35100	Scaffold_1_34601..34700	95.000	40	2	0	1	40	87	48	2.14e-13	63.9	100	100	1/-1	Scaffold_1_34601..34700	40
Scaffold_1_35101..35200	Scaffold_1_35101..35200	100.000	100	0	0	1	100	1	100	4.38e-50	185	100	100	1/1	Scaffold_1_35101..35200	100
Scaffold_1_35201..35300	Scaffold_1_35201..35300	100.000	100	0	0	1	100	1	100	4.38e-50	185	100	100	1/1	Scaffold_1_35201..35300	100
Scaffold_1_35301..35400	Scaffold_1_35301..35400	100.000	100	0	0	1	100	1	100	4.38e-50	185	100	100	1/1	Scaffold_1_35301..35400	100
Scaffold_1_35401..35500	Scaffold_1_35401..35500	100.000	100	0	0	1	100	1	100	4.38e-50	185	100	100	1/1	Scaffold_1_35401..35500	100
Scaffold_1_35501..35600	Scaffold_1_35501..35600	100.000	100	0	0	1	100	1	100	4.38e-50	185	100	100	1/1	Scaffold_1_35501..35600	100
Scaffold_1_35601..35700	Scaffold_1_35601..35700	100.000	100	0	0	1	100	1	100	4.38e-50	185	100	100	1/1	Scaffold_1_35601..35700	100
Scaffold_1_35601..35700	Scaffold_1_40201..40300	90.625	64	6	0	37	100	97	34	4.57e-20	86.1	100	100	1/-1	Scaffold_1_40201..40300	64
Scaffold_1_35701..35800	Scaffold_1_35701..35800	100.000	100	0	0	1	100	1	100	4.38e-50	185	100	100	1/1	Scaffold_1_35701..35800	100
Scaffold_1_35701..35800	Scaffold_1_42901..43000	96.774	93	3	0	2	94	93	1	3.43e-41	156	100	100	1/-1	Scaffold_1_42901..43000	93
Scaffold_1_35701..35800	Scaffold_1_40101..40200	98.276	58	1	0	43	100	100	43	4.53e-25	102	100	100	1/-1	Scaffold_1_40101..40200	58
Scaffold_1_35801..35900	Scaffold_1_35801..35900	100.000	100	0	0	1	100	1	100	4.38e-50	185	100	100	1/1	Scaffold_1_35801..35900	100
Scaffold_1_35901..36000	Scaffold_1_35901..36000	100.000	100	0	0	1	100	1	100	4.38e-50	185	100	100	1/1	Scaffold_1_35901..36000	100
Scaffold_1_36001..36100	Scaffold_1_36001..36100	100.000	100	0	0	1	100	1	100	4.38e-50	185	100	100	1/1	Scaffold_1_36001..36100	100
Scaffold_1_36101..36200	Scaffold_1_36101..36200	100.000	100	0	0	1	100	1	100	4.38e-50	185	100	100	1/1	Scaffold_1_36101..36200	100
Scaffold_1_36201..36300	Scaffold_1_36201..36300	100.000	100	0	0	1	100	1	100	4.38e-50	185	100	100	1/1	Scaffold_1_36201..36300	100
Scaffold_1_36301..36400	Scaffold_1_36301..36400	100.000	100	0	0	1	100	1	100	4.38e-50	185	100	100	1/1	Scaffold_1_36301..36400	100
Scaffold_1_36401..36500	Scaffold_1_36401..36500	100.000	100	0	0	1	100	1	100	4.38e-50	185	100	100	1/1	Scaffold_1_36401..36500	100
Scaffold_1_36401..36500	Scaffold_1_42601..42700	90.123	81	8	0	2	82	20	100	3.50e-26	106	100	100	1/1	Scaffold_1_42601..42700	81
Scaffold_1_36501..36600	Scaffold_1_36501..36600	100.000	100	0	0	1	100	1	100	4.38e-50	185	100	100	1/1	Scaffold_1_36501..36600	100
Scaffold_1_36601..36700	Scaffold_1_36601..36700	100.000	100	0	0	1	100	1	100	4.38e-50	185	100	100	1/1	Scaffold_1_36601..36700	100
Scaffold_1_36701..36800	Scaffold_1_36701..36800	100.000	100	0	0	1	100	1	100	4.38e-50	185	100	100	1/1	Scaffold_1_36701..36800	100
Scaffold_1_36801..36900	Scaffold_1_36801..36900	100.000	100	0	0	1	100	1	100	4.38e-50	185	100	100	1/1	Scaffold_1_36801..36900	100
Scaffold_1_36901..37000	Scaffold_1_36901..37000	100.000	100	0	0	1	100	1	100	4.38e-50	185	100	100	1/1	Scaffold_1_36901..37000	100
Scaffold_1_37001..37100	Scaffold_1_37001..37100	100.000	100	0	0	1	100	1	100	4.38e-50	185	100	100	1/1	Scaffold_1_37001..37100	100
Scaffold_1_37101..37200	Scaffold_1_37101..37200	100.000	100	0	0	1	100	1	100	4.38e-50	185	100	100	1/1	Scaffold_1_37101..37200	100
Scaffold_1_37201..37300	Scaffold_1_37201..37300	100.000	100	0	0	1	100	1	100	4.38e-50	185	100	100	1/1	Scaffold_1_37201..37300	100
Scaffold_1_37301..37400	Scaffold_1_37301..37400	100.000	100	0	0	1	100	1	100	4.38e-50	185	100	100	1/1	Scaffold_1_37301..37400	100
Scaffold_1_37401..37500	Scaffold_1_37401..37500	100.000	100	0	0	1	100	1	100	4.38e-50	185	100	100	1/1	Scaffold_1_37401..37500	100
Scaffold_1_37501..37600	Scaffold_1_37501..37600	100.000	100	0	0	1	100	1	100	4.38e-50	185	100	100	1/1	Scaffold_1_37501..37600	100
Scaffold_1_37601..37700	Scaffold_1_37601..37700	100.000	100	0	0	1	100	1	100	4.38e-50	185	100	100	1/1	Scaffold_1_37601..37700	100
Scaffold_1_37701..37800	Scaffold_1_37701..37800	100.000	100	0	0	1	100	1	100	4.38e-50	185	100	100	1/1	Scaffold_1_37701..37800	100
Scaffold_1_37801..37900	Scaffold_1_37801..37900	100.000	100	0	0	1	100	1	100	4.38e-50	185	100	100	1/1	Scaffold_1_37801..37900	100
Scaffold_1_37901..38000	Scaffold_1_37901..38000	100.000	100	0	0	1	100	1	100	4.38e-50	185	100	100	1/1	Scaffold_1_37901..38000	100
Scaffold_1_38001..38100	Scaffold_1_38001..38100	100.000	100	0	0	1	100	1	100	4.38e-50	185	100	100	1/1	Scaffold_1_38001..38100	100
Scaffold_1_38101..38200	Scaffold_1_38101..38200	100.000	100	0	0	1	100	1	100	4.38e-50	185	100	100	1/1	Scaffold_1_38101..38200	100
Scaffold_1_38201..38300	Scaffold_1_38201..38300	100.000	100	0	0	1	100	1	100	4.38e-50	185	100	100	1/1	Scaffold_1_38201..38300	100
Scaffold_1_38301..38400	Scaffold_1_38301..38400	100.000	100	0	0	1	100	1	100	4.38e-50	185	100	100	1/1	Scaffold_1_38301..38400	100
Scaffold_1_38401..38500	Scaffold_1_38401..38500	100.000	100	0	0	1	100	1	100	4.38e-50	185	100	100	1/1	Scaffold_1_38401..38500	100
Scaffold_1_38501..38600	Scaffold_1_38501..38600	100.000	100	0	0	1	100	1	100	4.38e-50	185	100	100	1/1	Scaffold_1_38501..38600	100
Scaffold_1_38601..38700	Scaffold_1_38601..38700	100.000	100	0	0	1	100	1	100	4.38e-50	185	100	100	1/1	Scaffold_1_38601..38700	100
Scaffold_1_38701..38800	Scaffold_1_38701..38800	100.000	100	0	0	1	100	1	100	4.38e-50	185	100	100	1/1	Scaffold_1_38701..38800	100
Scaffold_1_38801..38900	Scaffold_1_38801..38900	100.000	100	0	0	1	100	1	100	4.38e-50	185	100	100	1/1	Scaffold_1_38801..38900	100
Scaffold_1_38901..39000	Scaffold_1_38901..39000	100.000	100	0	0	1	100	1	100	4.38e-50	185	100	100	1/1	Scaffold_1_38901..39000	100
Scaffold_1_39001..39100	Scaffold_1_39001..39100	100.000	100	0	0	1	100	1	100	4.38e-50	185	100	100	1/1	Scaffold_1_39001..39100	100
Scaffold_1_39101..39200	Scaffold_1_39101..39200	100.000	100	0	0	1	100	1	100	4.38e-50	185	100	100	1/1	Scaffold_1_39101..39200	100
Scaffold_1_39201..39300	Scaffold_1_39201..39300	100.000	100	0	0	1	100	1	100	4.38e-50	185	100	100	1/1	Scaffold_1_39201..39300	100
Scaffold_1_39301..39400	Scaffold_1_39301..39400	100.000	100	0	0	1	100	1	100	4.38e-50	185	100	100	1/1	Scaffold_1_39301..39400	100
Scaffold_1_39401..39500	Scaffold_1_39401..39500	100.000	100	0	0	1	100	1	100	4.38e-50	185	100	100	1/1	Scaffold_1_39401..39500	100
Scaffold_1_39501..39600	Scaffold_1_39501..39600	100.000	100	0	0	1	100	1	100	4.38e-50	185	100	100	1/1	Scaffold_1_39501..39600	100
Scaffold_1_39601..39700	Scaffold_1_39601..39700	100.000	100	0	0	1	100	1	100	4.38e-50	185	100	100	1/1	Scaffold_1_39601..39700	100
Scaffold_1_39701..39800	Scaffold_1_39701..39800	100.000	100	0	0	1	100	1	100	4.38e-50	185	100	100	1/1	Scaffold_1_39701..39800	100
Scaffold_1_39801..39900	Scaffold_1_39801..39900	100.000	100	0	0	1	100	1	100	4.38e-50	185	100	100	1/1	Scaffold_1_39801..39900	100
Scaffold_1_39901..40000	Scaffold_1_39901..40000	100.000	100	0	0	1	100	1	100	4.38e-50	185	100	100	1/1	Scaffold_1_39901..40000	100
Scaffold_1_20001..20100	Scaffold_1_20001..20100	100.000	100	0	0	1	100	1	100	4.38e-50	185	100	100	1/1	Scaffold_1_20001..20100	100
Scaffold_1_20101..20200	Scaffold_1_20101..20200	100.000	100	0	0	1	100	1	100	4.38e-50	185	100	100	1/1	Scaffold_1_20101..20200	100
Scaffold_1_20201..20300	Scaffold_1_20201..20300	100.000	100	0	0	1	100	1	100	4.38e-50	185	100	100	1/1	Scaffold_1_20201..20300	100
Scaffold_1_20301..20400	Scaffold_1_20301..20400	100.000	100	0	0	1	100	1	100	4.38e-50	185	100	100	1/1	Scaffold_1_20301..20400	100
Scaffold_1_20401..20500	Scaffold_1_20401..20500	100.000	100	0	0	1	100	1	100	4.38e-50	185	100	100	1/1	Scaffold_1_20401..20500	100
Scaffold_1_20501..20600	Scaffold_1_20501..20600	100.000	100	0	0	1	100	1	100	4.38e-50	185	100	100	1/1	Scaffold_1_20501..20600	100
Scaffold_1_20601..20700	Scaffold_1_20601..20700	100.000	100	0	0	1	100	1	100	4.38e-50	185	100	100	1/1	Scaffold_1_20601..20700	100
Scaffold_1_20701..20800	Scaffold_1_20701..20800	100.000	100	0	0	1	100	1	100	4.38e-50	185	100	100	1/1	Scaffold_1_20701..20800	100
Scaffold_1_20801..20900	Scaffold_1_20801..20900	100.000	100	0	0	1	100	1	100	4.38e-50	185	100	100	1/1	Scaffold_1_20801..20900	100
Scaffold_1_20901..21000	Scaffold_1_20901..21000	100.000	100	0	0	1	100	1	100	4.38e-50	185	100	100	1/1	Scaffold_1_20901..21000	100
Scaffold_1_21001..21100	Scaffold_1_21001..21100	100.000	100	0	0	1	100	1	100	4.38e-50	185	100	100	1/1	Scaffold_1_21001..21100	100
Scaffold_1_21101..21200	Scaffold_1_21101..21200	100.000	100	0	0	1	100	1	100	4.38e-50	185	100	100	1/1	Scaffold_1_21101..21200	100
Scaffold_1_21201..21300	Scaffold_1_21201..21300	100.000	100	0	0	1	100	1	100	4.38e-50	185	100	100	1/1	Scaffold_1_21201..21300	100
Scaffold_1_21301..21400	Scaffold_1_21301..21400	100.000	100	0	0	1	100	1	100	4.38e-50	185	100	100	1/1	Scaffold_1_21301..21400	100
Scaffold_1_21401..21500	Scaffold_1_21401..21500	100.000	100	0	0	1	100	1	100	4.38e-50	185	100	100	1/1	Scaffold_1_21401..21500	100
Scaffold_1_21501..21600	Scaffold_1_21501..21600	100.000	100	0	0	1	100	1	100	4.38e-50	185	100	100	1/1	Scaffold_1_21501..21600	100
Scaffold_1_21601..21700	Scaffold_1_21601..21700	100.000	100	0	0	1	100	1	100	4.38e-50	185	100	100	1/1	Scaffold_1_21601..21700	100
Scaffold_1_21701..21800	Scaffold_1_21701..21800	100.000	100	0	0	1	100	1	100	4.38e-50	185	100	100	1/1	Scaffold_1_21701..21800	100
Scaffold_1_21801..21900	Scaffold_1_21801..21900	100.000	100	0	0	1	100	1	100	4.38e-50	185	100	100	1/1	Scaffold_1_21801..21900	100
Scaffold_1_21901..22000	Scaffold_1_21901..22000	100.000	100	0	0	1	100	1	100	4.38e-50	185	100	100	1/1	Scaffold_1_21901..22000	100
Scaffold_1_22001..22100	Scaffold_1_22001..22100	100.000	100	0	0	1	100	1	100	4.38e-50	185	100	100	1/1	Scaffold_1_22001..22100	100
Scaffold_1_22101..22200	Scaffold_1_22101..22200	100.000	100	0	0	1	100	1	100	4.38e-50	185	100	100	1/1	Scaffold_1_22101..22200	100
Scaffold_1_22201..22300	Scaffold_1_22201..22300	100.000	100	0	0	1	100	1	100	4.38e-50	185	100	100	1/1	Scaffold_1_22201..22300	100
Scaffold_1_22301..22400	Scaffold_1_22301..22400	100.000	100	0	0	1	100	1	100	4.38e-50	185	100	100	1/1	Scaffold_1_22301..22400	100
Scaffold_1_22401..22500	Scaffold_1_22401..22500	100.000	100	0	0	1	100	1	100	4.38e-50	185	100	100	1/1	Scaffold_1_22401..22500	100
Scaffold_1_22501..22600	Scaffold_1_22501..22600	100.000	100	0	0	1	100	1	100	4.38e-50	185	100	100	1/1	Scaffold_1_22501..22600	100
Scaffold_1_22601..22700	Scaffold_1_22601..22700	100.000	100	0	0	1	100	1	100	4.38e-50	185	100	100	1/1	Scaffold_1_22601..22700	100
Scaffold_1_22701..22800	Scaffold_1_22701..22800	100.000	100	0	0	1	100	1	100	4.38e-50	185	100	100	1/1	Scaffold_1_22701..22800	100
Scaffold_1_22801..22900	Scaffold_1_22801..22900	100.000	100	0	0	1	100	1	100	4.38e-50	185	100	100	1/1	Scaffold_1_22801..22900	100
Scaffold_1_22901..23000	Scaffold_1_22901..23000	100.000	100	0	0	1	100	1	100	4.38e-50	185	100	100	1/1	Scaffold_1_22901..23000	100
Scaffold_1_23001..23100	Scaffold_1_23001..23100	100.000	100	0	0	1	100	1	100	4.38e-50	185	100	100	1/1	Scaffold_1_23001..23100	100
Scaffold_1_23101..23200	Scaffold_1_23101..23200	100.000	100	0	0	1	100	1	100	4.38e-50	185	100	100	1/1	Scaffold_1_23101..23200	100
Scaffold_1_23201..23300	Scaffold_1_23201..23300	100.000	100	0	0	1	100	1	100	4.38e-50	185	100	100	1/1	Scaffold_1_23201..23300	100
Scaffold_1_23301..23400	Scaffold_1_23301..23400	100.000	100	0	0	1	100	1	100	4.38e-50	185	100	100	1/1	Scaffold_1_23301..23400	100
Scaffold_1_23401..23500	Scaffold_1_23401..23500	100.000	100	0	0	1	100	1	100	4.38e-50	185	100	100	1/1	Scaffold_1_23401..23500	100
Scaffold_1_23501..23600	Scaffold_1_23501..23600	100.000	100	0	0	1	100	1	100	4.38e-50	185	100	100	1/1	Scaffold_1_23501..23600	100
Scaffold_1_23601..23700	Scaffold_1_23601..23700	100.000	100	0	0	1	100	1	100	4.38e-50	185	100	100	1/1	Scaffold_1_23601..23700	100
Scaffold_1_23701..23800	Scaffold_1_23701..23800	100.000	100	0	0	1	100	1	100	4.38e-50	185	100	100	1/1	Scaffold_1_23701..23800	100
Scaffold_1_23801..23900	Scaffold_1_23801..23900	100.000	100	0	0	1	100	1	100	4.38e-50	185	100	100	1/1	Scaffold_1_23801..23900	100
Scaffold_1_23901..24000	Scaffold_1_23901..24000	100.000	100	0	0	1	100	1	100	4.38e-50	185	100	100	1/1	Scaffold_1_23901..24000	100
Scaffold_1_24001..24100	Scaffold_1_24001..24100	100.000	100	0	0	1	100	1	100	4.38e-50	185	100	100	1/1	Scaffold_1_24001..24100	100
Scaffold_1_24101..24200	Scaffold_1_24101..24200	100.000	100	0	0	1	100	1	100	4.38e-50	185	100	100	1/1	Scaffold_1_24101..24200	100
Scaffold_1_24201..24300	Scaffold_1_24201..24300	100.000	100	0	0	1	100	1	100	4.38e-50	185	100	100	1/1	Scaffold_1_24201..24300	100
Scaffold_1_24301..24400	Scaffold_1_24301..24400	100.000	100	0	0	1	100	1	100	4.38e-50	185	100	100	1/1	Scaffold_1_24301..24400	100
Scaffold_1_24401..24500	Scaffold_1_24401..24500	100.000	100	0	0	1	100	1	100	4.38e-50	185	100	100	1/1	Scaffold_1_24401..24500	100
Scaffold_1_24501..24600	Scaffold_1_24501..24600	100.000	100	0	0	1	100	1	100	4.38e-50	185	100	100	1/1	Scaffold_1_24501..24600	100
Scaffold_1_24601..24700	Scaffold_1_24601..24700	100.000	100	0	0	1	100	1	100	4.38e-50	185	100	100	1/1	Scaffold_1_24601..24700	100
Scaffold_1_24701..24800	Scaffold_1_24701..24800	100.000	100	0	0	1	100	1	100	4.38e-50	185	100	100	1/1	Scaffold_1_24701..24800	100
Scaffold_1_24801..24900	Scaffold_1_24801..24900	100.000	100	0	0	1	100	1	100	4.38e-50	185	100	100	1/1	Scaffold_1_24801..24900	100
Scaffold_1_24901..25000	Scaffold_1_24901..25000	100.000	100	0	0	1	100	1	100	4.38e-50	185	100	100	1/1	Scaffold_1_24901..25000	100
