Pf3D7_01_v3	0	23199	11694	1704.5876935590375	31462	2173.7778631449924	0.7842012315533105	1.0	1	1.2751828991893381	0.0	0.0	
Pf3D7_01_v3	35600	37199	1059	154.36620211040028	2584	178.53416815099678	0.8651128083556188	1.0	1	1.1559186158632546	2.37404945505727e-13	1.384115625684333e-12	
Pf3D7_01_v3	39000	39999	770	112.23982589708045	2437	168.37761911144705	0.6671878070491745	1.0	1	1.4988283500305273	6.710933890072619e-79	6.283874460704362e-78	
Pf3D7_01_v3	98800	101799	782	113.98901798898301	2985	206.2401284561631	0.5532219241100709	1.0	1	1.8075928599695854	1.4191023948377313e-191	2.1925132000242948e-190	
Pf3D7_01_v3	623400	625399	418	60.930191201272244	1936	133.76244177257342	0.4563644711341678	1.0	1	2.1912310516083258	3.432472902291232e-206	5.5822848779367925e-205	
Pf3D7_01_v3	627400	628399	176	25.654817347904103	904	62.459321984714045	0.41262174491720166	1.0	1	2.4235271463956995	9.473399221447577e-121	1.0454572712240363e-119	
Pf3D7_02_v3	400	49999	37886	5522.490966151676	130489	9015.768215114325	0.6125484016550659	1.0	1	1.6325240540960768	0.0	0.0	
Pf3D7_03_v3	800	999	93	13.556238712244783	340	23.49133791460484	0.5815685312408891	1.0	1	1.7194878097449773	5.383744539110158e-21	3.465785547052164e-20	
Pf3D7_03_v3	2400	3199	533	77.69328208200504	1766	122.01677281527103	0.6375762509348607	1.0	1	1.5684398509726913	4.216372631389991e-70	3.831938656175021e-69	
Pf3D7_03_v3	31200	31399	74	10.786684566732408	261	18.03305645797607	0.6039311022610744	1.0	1	1.6558180167507057	7.139577744106574e-15	4.2425567748633295e-14	
Pf3D7_03_v3	33600	34599	338	49.26891058858856	974	67.29577390830917	0.7335378138888767	1.0	1	1.3632562371917332	9.017419317254728e-21	5.686495038840226e-20	
Pf3D7_03_v3	139800	140599	252	36.7330339299536	601	41.52439437258091	0.8866484395233128	1.0	1	1.127842733854726	0.0014726287992681397	0.007712581338539918	
Pf3D7_03_v3	1011800	1012599	225	32.79735172317286	667	46.08447761482773	0.7137718248918711	1.0	1	1.4010079483755045	3.684349626829575e-17	2.2322824209614483e-16	
Pf3D7_03_v3	1024400	1029199	2283	332.7837954844606	8285	572.4286312426503	0.5815386644812053	1.0	1	1.7195761194865813	0.0	0.0	
Pf3D7_03_v3	1030600	1067799	36740	5355.443121374982	86646	5986.560191026033	0.8945917032836873	1.0	1	1.1178283862117222	9.721952022420221e-228	1.7671077499575578e-226	
Pf3D7_04_v3	5000	17799	10504	1531.1261444453676	26263	1814.56766956255	0.8438448634704933	1.0	1	1.185051948870418	3.4868388481376692e-158	4.6844921916284343e-157	
Pf3D7_04_v3	108400	125599	14772	2153.255465132042	33820	2336.6972007998106	0.9215304233110188	1.0	1	1.0851513685321896	4.224162637212579e-50	3.3468365510222742e-49	
Pf3D7_04_v3	127200	132799	1373	200.1367285151837	6384	441.08441543187445	0.4539972845539226	1.0	1	2.20265634624347	0.0	0.0	
Pf3D7_04_v3	329200	329599	150	21.864901148781907	416	28.742342860222394	0.7639559478066388	1.0	1	1.308975999036407	3.9460021030818514e-08	2.2169357270041674e-07	
Pf3D7_04_v3	582600	584799	1789	260.77538770113887	6547	452.3464391968173	0.5767289927477065	1.0	1	1.733916644689052	0.0	0.0	
Pf3D7_04_v3	1071600	1071799	87	12.681642666293506	257	17.756687776627775	0.719598733526167	1.0	1	1.3896633684995732	1.2731922967769048e-07	6.902042450948484e-07	
Pf3D7_04_v3	1172600	1200399	9386	1368.1597478831131	74998	5181.774590939805	0.26405765931355046	1.0	1	3.7870516712130975	0.0	0.0	
Pf3D7_06_v3	62800	62999	89	12.973174681610598	265	18.309425139324365	0.7138193178604578	1.0	1	1.4009147342738162	4.443757973664477e-08	2.452002167611292e-07	
Pf3D7_06_v3	723200	723999	345	50.289272642198384	809	55.895565802692104	0.9011944408587805	1.0	1	1.1096384472224043	0.0014499961598367639	0.007724979541199311	
Pf3D7_06_v3	1392600	1393199	159	23.176795217708822	648	44.77172637842334	0.5201189893535539	1.0	1	1.9226369743640415	4.643543951939797e-52	3.775934424077361e-51	
Pf3D7_06_v3	1396400	1396799	105	15.305430804147333	427	29.502356733930196	0.5225038807474941	1.0	1	1.9138613833248475	7.114877291641741e-35	4.9965842798120405e-34	
Pf3D7_06_v3	1397600	1398199	165	24.051391263660097	706	48.77907225797358	0.4953544837253871	1.0	1	2.018756330778216	6.103572821592198e-64	5.388582862491397e-63	
Pf3D7_06_v3	1402400	1402599	63	9.1832584824884	262	18.10214862831314	0.5133950176280708	1.0	1	1.9478178900529386	1.7346348752565178e-23	1.1404301626686468e-22	
Pf3D7_07_v3	200	1599	702	102.32773737629932	1896	130.99875495909052	0.7818355579058742	1.0	1	1.2790413404558798	2.1721949142691125e-25	1.4591483228459907e-24	
Pf3D7_07_v3	53400	53799	76	11.0782165820495	581	40.14255096583945	0.2791227046280622	1.0	1	3.582653734071989	4.279577211780666e-145	5.289557433760903e-144	
Pf3D7_07_v3	54600	57199	1701	247.94797902718685	4135	285.6961243437971	0.8681733489512165	1.0	1	1.1518436971234312	2.4847842620105656e-19	1.5355966739225295e-18	
Pf3D7_07_v3	84800	85399	196	28.570137501075024	727	50.23000783505212	0.5709029287930969	1.0	1	1.75161126273082	1.9194598586533793e-44	1.4827827408097356e-43	
Pf3D7_07_v3	89200	90799	352	51.30963469580821	1888	130.44601759639394	0.3942486107197299	1.0	1	2.536470574175078	1.3363232558177929e-270	2.5807742877981124e-269	
Pf3D7_07_v3	91800	92999	274	39.93988609844162	1188	82.0814983604428	0.48795330437802537	1.0	1	2.0493764280880526	1.893869714499156e-109	1.9506858059341305e-108	
Pf3D7_08_v3	0	50999	64354	9380.625656858072	171162	11825.9540592341	0.7932312750251708	1.0	1	1.2606663800141615	0.0	0.0	
Pf3D7_08_v3	67200	71799	1094	159.46801237844937	4583	316.6494166548058	0.5039610061887133	1.0	1	1.9842805052769097	0.0	0.0	
Pf3D7_08_v3	72600	72999	161	23.468327233025914	452	31.229660992357022	0.7544739280167488	1.0	1	1.3254268475898885	2.743909634208365e-09	1.5701260684636756e-08	
Pf3D7_08_v3	75800	85599	7146	1041.64389072797	20586	1422.3314185589861	0.7324165373094954	1.0	1	1.36534328358213	0.0	0.0	
Pf3D7_08_v3	1311600	1313999	967	140.95572940581403	2803	193.6653534548158	0.7283242531195656	1.0	1	1.3730148292011286	7.8129916135022e-58	6.524903806951837e-57	
Pf3D7_09_v3	1516400	1517799	383	55.82838093322313	1193	82.42695921212817	0.678506983096395	1.0	1	1.4738241829678127	5.010748586030484e-37	3.6007472397288827e-36	
Pf3D7_09_v3	1518600	1519799	226	32.9431177308314	1042	71.99404149123013	0.45916520774528785	1.0	1	2.177865358985842	4.874107684512136e-111	5.193445774187069e-110	
Pf3D7_09_v3	1521200	1522799	342	49.851974619222744	1609	111.16930207235055	0.44946478207696655	1.0	1	2.2248684210118146	8.166304031692627e-178	1.2016133075204866e-176	
Pf3D7_10_v3	1659400	1660799	282	41.10601415970998	1204	83.18697308583596	0.4954807801742697	1.0	1	2.0182417563165247	8.991551173620043e-107	8.962546169834172e-106	
Pf3D7_10_v3	1662600	1664199	384	55.97414694088168	1623	112.13659245706958	0.500152136987476	1.0	1	1.9993916371590756	1.8142815906849603e-139	2.1562038904678952e-138	
Pf3D7_10_v3	1665800	1666999	218	31.77698966956304	1084	74.8959126453872	0.42583543822471187	1.0	1	2.3483249871569014	2.2960523898493695e-135	2.6277044017165007e-134	
Pf3D7_10_v3	1669200	1671399	474	69.09308763015083	1992	137.63160331144954	0.5028213793369508	1.0	1	1.9887778067803275	3.9387901545464804e-168	5.532209807976648e-167	
Pf3D7_11_v3	200	31599	35435	5165.218481380579	93773	6478.980089018352	0.7972410924716218	1.0	1	1.254325710808234	0.0	0.0	
Pf3D7_11_v3	64600	64999	201	29.29896753936775	486	33.578794783817514	0.87508417949528	1.0	1	1.1427472047052287	0.0014887617796451476	0.007667123165172511	
Pf3D7_11_v3	136600	137399	150	21.864901148781907	768	53.06278681887211	0.4142647987456025	1.0	1	2.4139149718441173	2.4597072549010182e-102	2.3751548180137956e-101	
Pf3D7_11_v3	1651600	1654399	631	91.97835083254255	2645	182.74879054155826	0.5039119558417624	1.0	1	1.9844736533975358	6.254486097332997e-221	1.0736867800421646e-219	
Pf3D7_11_v3	1839400	1850599	1694	246.92761697357702	23343	1612.8185321782964	0.1531869792112866	1.0	1	6.527969969436681	0.0	0.0	
Pf3D7_13_v3	200	599	224	32.651585715514315	794	54.85918324763601	0.5970941463864208	1.0	1	1.674777765034111	9.593271608935175e-42	7.230051041856021e-41	
Pf3D7_13_v3	27400	28799	842	122.73497844849578	2283	157.7374248795378	0.7786797830239023	1.0	1	1.2842249430396526	5.107841483489739e-31	3.507384485329621e-30	
Pf3D7_13_v3	30000	31999	1347	196.34681231606152	3580	247.3499698067216	0.7941691183920963	1.0	1	1.259177644712044	9.276869095799442e-41	6.825125120481019e-40	
Pf3D7_13_v3	85400	88599	621	90.52069075595709	2984	206.171036285826	0.4396159827978726	1.0	1	2.2747125653522513	0.0	0.0	
Pf3D7_13_v3	117800	125599	2329	339.4890318367537	16128	1114.3185231963143	0.3047725882458474	1.0	1	3.2811349792171645	0.0	0.0	
Pf3D7_13_v3	2822200	2841399	14842	2163.4590856681407	36133	2496.5073907894607	0.8666287079299702	1.0	1	1.1538966928393137	4.829035714362919e-156	6.217383482242258e-155	
Pf3D7_13_v3	2842600	2844599	496	72.29993979863883	1609	111.16930207235055	0.6512652964788699	1.0	1	1.5354725722475904	8.92068304717007e-59	7.656919615487643e-58	
Pf3D7_14_v3	941400	944999	537	78.27634611263922	3987	275.4704831339103	0.2846128801414644	1.0	1	3.513544430958144	0.0	0.0	
Pf3D7_14_v3	994200	1003599	1855	270.3959442066029	18398	1271.1577498614702	0.21281938145819315	1.0	1	4.698820159837946	0.0	0.0	
