Pf3D7_01_v3	98800	101799	584	102.32165020993459	2985	206.2401284561631	0.4968118157968699	1.0	1	2.0128345747897174	2.561149865599959e-258	4.7466644175785904e-257	
Pf3D7_01_v3	623400	625399	589	103.19769173570457	1936	133.76244177257342	0.7724106344395267	1.0	1	1.294648151401509	3.0579621300051784e-28	2.833711573804799e-27	
Pf3D7_01_v3	627400	628399	151	26.456454078253635	904	62.459321984714045	0.42591296682128144	1.0	1	2.347897523438428	1.0974643050120596e-113	1.525475383966763e-112	
Pf3D7_02_v3	400	49999	35868	6284.371489263586	130489	9015.768215114325	0.6970563557630879	1.0	1	1.434604234983656	0.0	0.0	
Pf3D7_03_v3	800	999	95	16.644788989629774	340	23.49133791460484	0.7139087543878865	1.0	1	1.4007392315246385	7.383021702839925e-10	5.547243333485133e-09	
Pf3D7_03_v3	2400	3199	633	110.90685716248048	1766	122.01677281527103	0.9098683576573684	1.0	1	1.0990600910385464	3.665677798580584e-05	0.0002547646070013506	
Pf3D7_03_v3	116000	122999	2421	424.1793067778281	14978	1034.8625273086802	0.41003145241286704	1.0	1	2.438837299225242	0.0	0.0	
Pf3D7_03_v3	139800	140599	129	22.601871364865687	601	41.52439437258091	0.5476116950791633	1.0	1	1.82611147458317	2.9338685253449265e-42	3.0207979631329244e-41	
Pf3D7_03_v3	1011800	1012599	147	25.755620857637645	667	46.08447761482773	0.5618379961397183	1.0	1	1.7798725021639854	3.392768720890451e-43	3.62765270925979e-42	
Pf3D7_04_v3	329200	329599	97	16.995205599937766	416	28.742342860222394	0.5959583022115905	1.0	1	1.6779697443412032	2.266873511972787e-23	1.8535024597895141e-22	
Pf3D7_04_v3	582600	584799	1524	267.01745705469233	6547	452.3464391968173	0.5905912746903644	1.0	1	1.6932183776746117	0.0	0.0	
Pf3D7_04_v3	1169000	1171399	1462	256.1545421351445	6222	429.8914838372686	0.5961703578045355	1.0	1	1.6773728967045807	7.51833330811355e-310	1.607766661273514e-308	
Pf3D7_04_v3	1172600	1200399	9367	1641.1761943774954	74998	5181.774590939805	0.3167504662544182	1.0	1	3.1570592833690947	0.0	0.0	
Pf3D7_06_v3	43600	44799	243	42.57561815242141	947	65.43028530920819	0.6526905766535877	1.0	1	1.5321195613503473	2.0429647170811653e-35	1.9584282460295307e-34	
Pf3D7_06_v3	1392600	1393199	194	33.99041119987553	648	44.77172637842334	0.7619312182688514	1.0	1	1.3124544263615472	8.310428270052611e-12	6.417497386318405e-11	
Pf3D7_06_v3	1396400	1398199	613	107.40269105940052	1728	119.39127034246225	0.9005321690115272	1.0	1	1.1104545005845312	7.15503755049948e-06	5.100257535997065e-05	
Pf3D7_07_v3	84800	85399	141	24.704371026713662	727	50.23000783505212	0.4946326938096703	1.0	1	2.0217021893518226	3.524024600966048e-66	4.081995162785672e-65	
Pf3D7_07_v3	89200	90799	278	48.70790883281133	1888	130.44601759639394	0.3745399074891319	1.0	1	2.6699424547410002	5.960743916882375e-297	1.1836334349237858e-295	
Pf3D7_07_v3	91800	92999	214	37.494577302955484	1188	82.0814983604428	0.4585455243197005	1.0	1	2.1808085499986136	9.984635609289873e-127	1.4609098417803077e-125	
Pf3D7_08_v3	0	50999	64188	11246.270691224798	171162	11825.9540592341	0.9509913650214987	1.0	1	1.0515342586495444	8.648826303987493e-95	1.0928971420493288e-93	
Pf3D7_08_v3	72600	72999	142	24.87957933186766	452	31.229660992357022	0.8005043366035804	1.0	1	1.249212470531827	1.3701123847315532e-06	1.0023453761983468e-05	
Pf3D7_08_v3	1311600	1313999	394	69.03207223067506	2803	193.6653534548158	0.3572275457392578	1.0	1	2.799336198810114	0.0	0.0	
Pf3D7_09_v3	1516400	1517799	353	61.84853171936115	1193	82.42695921212817	0.7518388939243031	1.0	1	1.3300721844548284	1.1761656573118251e-21	9.342115792362496e-21	
Pf3D7_09_v3	1518600	1519799	293	51.336033410121296	1042	71.99404149123013	0.7148071294982739	1.0	1	1.3989787716609712	1.9496028354661155e-25	1.6423926916956972e-24	
Pf3D7_09_v3	1521200	1522799	295	51.686450020429284	1609	111.16930207235055	0.46622084648612644	1.0	1	2.144906233895222	4.592377266659814e-164	7.092671556285713e-163	
Pf3D7_10_v3	1570000	1571999	440	77.09165426775893	3171	219.09127213885867	0.3525585605611758	1.0	1	2.8364082222490254	0.0	0.0	
Pf3D7_10_v3	1572800	1573599	110	19.27291356693973	520	35.927928575277996	0.5402703187447195	1.0	1	1.8509252966615497	2.1836218394876805e-38	2.168024540634197e-37	
Pf3D7_10_v3	1659400	1660799	343	60.09644866782117	1204	83.18697308583596	0.7239311248678824	1.0	1	1.381346879072923	3.9762349963255604e-27	3.454354153057831e-26	
Pf3D7_10_v3	1662600	1664199	411	72.010613418293	1623	112.13659245706958	0.6433348003993673	1.0	1	1.5544006004015691	1.919261162367711e-62	2.1342184125528946e-61	
Pf3D7_10_v3	1665800	1666999	238	41.69957662665142	1084	74.8959126453872	0.5585911057398075	1.0	1	1.7902182647100742	1.4242007017132367e-69	1.7214251959838253e-68	
Pf3D7_10_v3	1669200	1671399	455	79.7197788450689	1992	137.63160331144954	0.5802075789863418	1.0	1	1.7235210917910817	5.0090518972991474e-111	6.631030606900776e-110	
Pf3D7_11_v3	200	31399	6610	1158.1268970679241	93611	6467.787157423747	0.17908593831932676	1.0	1	5.583911329860571	0.0	0.0	
Pf3D7_11_v3	136600	137399	200	35.041661030799524	768	53.06278681887211	0.6628199492644685	1.0	1	1.508705344656117	2.090841459975387e-27	1.87501266410696e-26	
Pf3D7_11_v3	1651600	1654399	554	97.06540105531467	2645	182.74879054155826	0.5318987831934975	1.0	1	1.8800569424055513	5.0786643615600254e-191	8.824179328210544e-190	
Pf3D7_11_v3	1839400	1850599	1645	288.217661978326	23343	1612.8185321782964	0.1788053091423203	1.0	1	5.592675098948257	0.0	0.0	
Pf3D7_12_v3	825000	829999	698	122.29539699749033	9772	675.168688533878	0.18137404156342968	1.0	1	5.513468142299087	0.0	0.0	
Pf3D7_13_v3	200	599	279	48.88311713796533	794	54.85918324763601	0.8931342750125183	1.0	1	1.1196524732924216	0.0006569689167112701	0.00445456972794471	
Pf3D7_13_v3	117800	125599	1188	208.14746652294912	16128	1114.3185231963143	0.18693915111355722	1.0	1	5.349334230112902	0.0	0.0	
Pf3D7_13_v3	2842600	2844599	278	48.70790883281133	1609	111.16930207235055	0.4394446492217206	1.0	1	2.2755994452795187	7.275714396701947e-187	1.1897932954606715e-185	
Pf3D7_14_v3	941400	944999	516	90.40748545946275	3987	275.4704831339103	0.3287465826446036	1.0	1	3.04185671514969	0.0	0.0	
Pf3D7_14_v3	994200	1003599	1596	279.6324550257802	18398	1271.1577498614702	0.22010836624855745	1.0	1	4.543216675693052	0.0	0.0	
