#chrom	start	end	Readcount_A	Normalized_Readcount_A	ReadcountB	Normalized_Readcount_B	Fc_A_vs_B	pvalue_A_vs_B	FDR_A_vs_B	Fc_B_vs_A	pvalue_B_vs_A	FDR_B_vs_A
Pf3D7_01_v3	0	37199	35740	6261.944826203874	112388	7488.185193797468	0.8362592743341073	1.0	1	1.1958013868321824	0.0	0.0
Pf3D7_01_v3	39000	39999	1362	238.6337116197447	1594	106.2049969650956	2.247156002862712	2.1427545077021039e-153	4.6311145811626115e-153	0.4450069326411131	1.0	1
Pf3D7_01_v3	41400	51599	13367	2342.0094149934857	9035	601.9837814175902	3.890346367590585	0.0	0.0	0.257046521186578	1.0	1
Pf3D7_01_v3	52400	57399	4066	712.3969687561543	7294	485.9844716834425	1.4660437504567274	9.587238183459149e-117	1.903244320864483e-116	0.6821078836756833	1.0	1
Pf3D7_01_v3	58400	68599	18180	3185.286987699676	29172	1943.6713748216869	1.6388331099235476	0.0	0.0	0.6101902591208025	1.0	1
Pf3D7_01_v3	71600	73199	650	113.88539835009843	1059	70.5590287239876	1.6150024223705224	4.47807620627234e-30	6.316444333057826e-30	0.619194117698094	1.0	1
Pf3D7_01_v3	74200	77599	2793	489.35679629511526	4068	271.0426145884623	1.8056632815837077	2.904255179014995e-178	6.379839245705071e-178	0.5538131113365289	1.0	1
Pf3D7_01_v3	78400	78799	394	69.03207223067506	617	41.10946243881053	1.6807637596292926	9.64207033977103e-22	1.31171312236479e-21	0.5949676117603576	1.0	1
Pf3D7_01_v3	79800	79999	372	65.1774895172871	264	17.589786197481327	3.701357318243962	1.7018279306484843e-96	3.2577848958128132e-96	0.27017115993395385	1.0	1
Pf3D7_01_v3	80800	84999	4470	783.1811240383691	5366	357.5257300594121	2.190640584834649	0.0	0.0	0.45648747992837935	1.0	1
Pf3D7_01_v3	85800	86199	365	63.95103138120913	548	36.51213195537791	1.7531004277652367	4.0394860027952996e-23	5.580320869840929e-23	0.5704179772945177	1.0	1
Pf3D7_01_v3	87000	95999	14367	2517.2177201474833	23796	1585.479364982067	1.5877135949571954	0.0	0.0	0.6298365165960299	1.0	1
Pf3D7_01_v3	412200	412599	214	37.494577302955484	200	13.325595604152522	2.8128103878322825	8.595393432623029e-39	1.2797585777460954e-38	0.35551632073239703	1.0	1
Pf3D7_01_v3	521400	536399	25375	4445.910743282689	41414	2759.331081751863	1.6112523163698171	0.0	0.0	0.6206352598164263	1.0	1
Pf3D7_01_v3	542800	582799	55914	9796.597174380622	93127	6204.863709139559	1.5788690364631457	0.0	0.0	0.6333647547108271	1.0	1
Pf3D7_01_v3	587800	601999	20540	3598.7785878631107	33868	2256.556359607188	1.594840527623744	0.0	0.0	0.6270219389834321	1.0	1
Pf3D7_01_v3	602800	605599	3931	688.7438475603644	6297	419.55637759674215	1.6417571170148246	1.0547873532011548e-181	2.336223228577764e-181	0.6091034962700699	1.0	1
Pf3D7_01_v3	607200	621399	25675	4498.473234828888	41482	2763.8617842572744	1.6276284230877789	0.0	0.0	0.6143908436440898	1.0	1
Pf3D7_01_v3	623000	625599	676	118.44081428410237	6424	428.01813080537903	0.2770853672211047	1.0	1	3.6089960651081	0.0	0.0
Pf3D7_01_v3	627000	640799	2639	462.37471730139964	37718	2513.0740749871243	0.18405253834805635	1.0	1	5.433231233730281	0.0	0.0
Pf3D7_02_v3	200	31199	5694	997.6360895468622	97078	6468.110850299593	0.15426467520457088	1.0	1	6.48236544545209	0.0	0.0
Pf3D7_02_v3	32000	32199	145	25.40520424732965	93	6.196401955930924	4.084350996601987	6.072465555511757e-44	9.194467620774863e-44	0.24483694002595735	1.0	1
Pf3D7_02_v3	33000	49999	29967	5250.467280549846	48336	3220.5299456115813	1.6303322595300271	0.0	0.0	0.6133719026625088	1.0	1
Pf3D7_02_v3	51600	72399	34023	5961.11216625446	55720	3712.5109353168928	1.6057004258973568	0.0	0.0	0.6227811762839528	1.0	1
Pf3D7_02_v3	630800	630999	87	15.24312254839779	257	17.123390351335992	0.8969351025775629	1.0	1	1.1149078647120116	0.030614929857880273	0.21037951799774135
Pf3D7_02_v3	835400	851999	27010	4732.376322209475	26087	1738.1240626276342	2.722688342592388	0.0	0.0	0.36728404950228616	1.0	1
Pf3D7_02_v3	853800	853999	111	19.448121872093733	281	18.722461823834294	1.0444002548388645	0.32209108274891	0.38026612412646643	0.9574873190300832	1.0	1
Pf3D7_02_v3	855400	875999	20589	3607.363794815656	50868	3389.2319859601525	1.064391018331977	3.9093484392538155e-19	5.212464585671754e-19	0.9395043576815547	1.0	1
Pf3D7_02_v3	877800	878999	1343	235.30475382181876	2044	136.18758707443877	1.7282398349020622	8.028034423203558e-76	1.3970865100120478e-75	0.5786233946266313	1.0	1
Pf3D7_02_v3	879800	881599	926	162.24289057260177	1180	78.62101406449989	2.064086490099544	1.0486733519729256e-86	1.898949042761784e-86	0.4844758224989754	1.0	1
Pf3D7_02_v3	884000	885799	1357	237.75767009397472	2194	146.18178377755316	1.6269091441265546	3.743313709950279e-62	6.270050464166717e-62	0.6146624743060708	1.0	1
Pf3D7_02_v3	886600	887399	1324	231.97579602389283	1915	127.59257790976041	1.8185214510351817	1.3499603884666512e-87	2.4611522728507657e-87	0.5498972802497086	1.0	1
Pf3D7_02_v3	889200	900599	16997	2978.015562702497	27530	1834.2682349115948	1.6235807492183445	0.0	0.0	0.6159225529629119	1.0	1
Pf3D7_02_v3	901600	910399	11538	2021.5534248668241	18222	1214.0950154943364	1.6651231275846239	0.0	0.0	0.6005561891693674	1.0	1
Pf3D7_02_v3	911600	911799	138	24.178746111251666	182	12.126291999778795	1.9973849136013762	1.0879714558480155e-13	1.3818784368116976e-13	0.5006546275534616	1.0	1
Pf3D7_02_v3	913400	914599	1226	214.80538211880105	2566	170.96739160127686	1.2569463721472216	5.840919935603462e-15	7.525800686258307e-15	0.795578890364046	1.0	1
Pf3D7_02_v3	916200	946999	52852	9260.10934399908	95340	6352.311424499507	1.4577665995008873	0.0	0.0	0.6859808698747673	1.0	1
Pf3D7_03_v3	400	1199	205	35.9177025565695	1180	78.62101406449989	0.4586858866887876	1.0	1	2.1801412012453896	7.341032507316604e-126	8.553898747655869e-125
Pf3D7_03_v3	2400	42399	7766	1360.6676978259454	124026	8263.601602003104	0.16467782445498877	1.0	1	6.072463024754915	0.0	0.0
Pf3D7_03_v3	43200	44599	907	158.9139327746758	1955	130.2576970305909	1.220717169026714	2.949629947864001e-09	3.642860949435725e-09	0.8191905753216421	1.0	1
Pf3D7_03_v3	46200	47399	988	173.10580549214964	2312	154.04388518400316	1.1243945026328268	0.00014794551779372627	0.00017860089535458846	0.8893675641942834	1.0	1
Pf3D7_03_v3	49800	50399	829	145.247684972664	1310	87.28265120719901	1.6648436556580624	4.33125860489248e-42	6.521220820849351e-42	0.6006570025968776	1.0	1
Pf3D7_03_v3	51200	57599	6848	1199.8264736945755	11673	777.7483874363619	1.5427854415492686	6.758428939806017e-246	1.548084577664968e-245	0.6481782709822552	1.0	1
Pf3D7_03_v3	58800	79999	30013	5258.526862586929	39316	2619.545583864303	2.0074353169982126	0.0	0.0	0.49814805564711023	1.0	1
Pf3D7_03_v3	116200	122999	2392	419.09826592836225	17268	1150.5319244625287	0.36439596881483105	1.0	1	2.7442674606209847	0.0	0.0
Pf3D7_03_v3	123800	138799	27890	4886.559630744993	34536	2301.0638489250573	2.1236235355184387	0.0	0.0	0.4708932554544657	1.0	1
Pf3D7_03_v3	139800	140599	129	22.601871364865687	656	43.70795358162027	0.5203266109805497	1.0	1	1.921869800423067	8.01765663684905e-53	8.264353764136714e-52
Pf3D7_03_v3	339200	339599	361	63.25019816059312	294	19.588625538104207	3.226893329750927	2.6723323328145864e-78	4.680948138524896e-78	0.3098955861913125	1.0	1
Pf3D7_03_v3	583600	583999	187	32.76395306379755	188	12.52605986790337	2.615737146189401	2.1231570929041375e-30	3.0266281962676002e-30	0.38230141031441073	1.0	1
Pf3D7_03_v3	848200	857999	1344	235.47996212697277	31183	2077.6602386214404	0.11341970603567103	1.0	1	8.816810014350551	0.0	0.0
Pf3D7_03_v3	872600	872799	141	24.704371026713662	78	5.196982285619484	4.726713811569563	6.920209192403373e-50	1.0782651532349443e-49	0.21156347514679294	1.0	1
Pf3D7_03_v3	1002600	1004799	1964	344.10911132245127	3556	236.92908984183185	1.45270270195053	4.429714148474709e-55	7.02463545438593e-55	0.6883720933796774	1.0	1
Pf3D7_03_v3	1006600	1008799	2096	367.236607602779	3181	211.94359808404585	1.7329910105391428	4.314355523786945e-118	8.62871104757389e-118	0.5770370382295835	1.0	1
Pf3D7_03_v3	1009600	1010399	643	112.65894021402046	1028	68.49356140534397	1.6457677485143039	7.845362374312848e-32	1.1426940849542628e-31	0.6076191497267688	1.0	1
Pf3D7_03_v3	1013400	1014999	801	140.34185242835207	1022	68.09379353721938	2.0615638461403516	4.2371533925239905e-75	7.32617489804148e-75	0.4850686540085549	1.0	1
Pf3D7_03_v3	1015800	1023399	12216	2140.3446557612347	19399	1292.5161456247738	1.6560021592274148	0.0	0.0	0.6038639469326154	1.0	1
Pf3D7_03_v3	1024400	1028999	3946	691.3719721376744	6884	458.6670006949298	1.507513592241697	4.746199569686795e-129	9.709782325771458e-129	0.6633439360987677	1.0	1
Pf3D7_03_v3	1030800	1067799	53697	9408.160361854209	108009	7196.421278044549	1.3073509874567775	0.0	0.0	0.7649055300331589	1.0	1
Pf3D7_04_v3	0	599	91	15.943955769013781	1119	74.55670740523335	0.21600701699250238	1.0	1	4.629479236013477	0.0	0.0
Pf3D7_04_v3	2800	2999	57	9.986873393777863	293	19.521997560083445	0.5187746163795088	1.0	1	1.9276193715469905	1.7477042086148202e-25	1.672802599674185e-24
Pf3D7_04_v3	5000	17999	18619	3262.203433662281	43345	2887.9897073099555	1.1296104588078038	4.9598806701888414e-60	8.205234688954379e-60	0.8852609253064146	1.0	1
Pf3D7_04_v3	18800	37799	29093	5097.335221845252	55662	3708.6465125916884	1.374468781203002	0.0	0.0	0.7275538110983877	1.0	1
Pf3D7_04_v3	38800	39999	606	106.17623292332254	1626	108.33709226176	0.9810681865275034	1.0	1	1.019297143391741	0.20431795676140332	1
Pf3D7_04_v3	42000	64199	37778	6619.019352107721	59659	3974.9585407406767	1.6651956351125432	0.0	0.0	0.6005300391821016	1.0	1
Pf3D7_04_v3	65000	75399	16746	2934.0382781088438	27938	1861.4524499440656	1.5762467982274466	0.0	0.0	0.6344184179308345	1.0	1
Pf3D7_04_v3	76600	90199	20709	3628.388791434136	34675	2310.325137869944	1.570540569515719	0.0	0.0	0.636723443768379	1.0	1
Pf3D7_04_v3	98400	101999	4325	757.7759197910395	1753	116.79884547039686	6.485671993026581	0.0	0.0	0.15418602745794174	1.0	1
Pf3D7_04_v3	108400	116199	9718	1702.6743094865485	12643	842.3775261165017	2.021320356388445	0.0	0.0	0.4947261312831828	1.0	1
Pf3D7_04_v3	117000	124799	8091	1417.6103970009945	9430	628.3018327357914	2.256296574299061	0.0	0.0	0.4432041476243694	1.0	1
Pf3D7_04_v3	128600	132599	2759	483.39971391987933	3251	216.60755654549925	2.2318068176347112	1.6518958518626244e-303	4.024618984538031e-303	0.4480674546284472	1.0	1
Pf3D7_04_v3	150400	171799	37401	6552.965821064664	60743	4047.183268915183	1.6191589835854252	0.0	0.0	0.6176045775230946	1.0	1
Pf3D7_04_v3	263800	264399	269	47.13103408642535	277	18.455949911751244	2.5539772418882043	5.485281179957945e-41	8.212599755467761e-41	0.3915461671305578	1.0	1
Pf3D7_04_v3	329200	329399	67	11.738956445317838	259	17.256646307377515	0.6877547832002083	1.0	1	1.454006608789947	2.159437234136462e-09	1.8085286835892867e-08
Pf3D7_04_v3	545600	569399	48421	8483.761343861717	23106	1539.506060147741	5.510578758379384	0.0	0.0	0.18146914214398993	1.0	1
Pf3D7_04_v3	571200	572399	1171	205.16892533533118	687	45.773420900263915	4.479579290714079	0.0	0.0	0.22323524936213204	1.0	1
Pf3D7_04_v3	582600	584799	1524	267.01745705469233	2284	152.1783017994218	1.7550184807496627	4.413433986602773e-90	8.15724350627271e-90	0.5697945696690592	1.0	1
Pf3D7_04_v3	597800	614199	30769	5390.984341283352	48330	3220.130177743457	1.6741708270779523	0.0	0.0	0.5973106112148485	1.0	1
Pf3D7_04_v3	934600	939199	9672	1694.6147274494647	14778	984.6282591908298	1.7211320560700794	0.0	0.0	0.5810129423092234	1.0	1
Pf3D7_04_v3	950800	951199	433	75.86519613168096	645	42.97504582339188	1.7666693165250296	1.1056464738669827e-27	1.5432982031059966e-27	0.5660368868391067	1.0	1
Pf3D7_04_v3	962800	993599	56555	9908.905697984334	102270	6814.043312183392	1.4542003274538833	0.0	0.0	0.6876631651918761	1.0	1
Pf3D7_04_v3	1121000	1147799	38059	6668.252885855994	63384	4223.147758868017	1.5789935066832432	0.0	0.0	0.6333148273044842	1.0	1
Pf3D7_04_v3	1148600	1150999	2026	354.9720262419991	3308	220.4053512926827	1.6108497584225452	2.4539954409021375e-88	4.5045943709710466e-88	0.6207903591078964	1.0	1
Pf3D7_04_v3	1152400	1153799	2850	499.34366968889316	4506	300.2256689615563	1.6634421964362183	7.918639292231765e-139	1.645112659161328e-138	0.6011630594332728	1.0	1
Pf3D7_04_v3	1154600	1167799	24454	4284.543894235857	38217	2546.3214360194847	1.6826654048222904	0.0	0.0	0.5942952158724699	1.0	1
Pf3D7_04_v3	1169400	1171199	1307	228.99725483627483	2685	178.8961209857476	1.2805595827533114	4.2394081017532175e-18	5.596854045664346e-18	0.7809086070403031	1.0	1
Pf3D7_04_v3	1173000	1200399	9339	1636.2703618331834	87345	5819.62074022351	0.2811913194993585	1.0	1	3.556297547806348	0.0	0.0
Pf3D7_05_v3	23600	28199	5893	1032.5025422725078	9741	649.0231339002486	1.590962931828419	1.884977646002505e-240	4.281135670581961e-240	0.6285501566342259	1	1
Pf3D7_05_v3	29600	42999	21480	3763.474394707868	35874	2390.212083516838	1.5745651688707338	0.0	0.0	0.6350959742855181	1	1
Pf3D7_05_v3	987600	987799	119	20.84978831332571	134	8.92814905478219	2.3374672370203156	1.3948384838144973e-16	1.8234961642062696e-16	0.4278134829708882	1	1
Pf3D7_05_v3	1114800	1114999	126	22.076246449403698	96	6.3962858899932105	3.442944654528635	1.7102363439333901e-31	2.477531568508911e-31	0.2904490488061323	1	1
Pf3D7_05_v3	1318400	1343399	47691	8355.859281099298	71493	4763.434032638381	1.7541793493365807	0.0	0.0	0.5700671373073646	1	1
Pf3D7_06_v3	0	13799	27806	4871.842133112057	39346	2621.5444232049254	1.8584058604798817	0.0	0.0	0.5380955911007392	1.0	1
Pf3D7_06_v3	14600	16199	3224	564.8715758164882	3300	219.8723274685166	2.5691073369628397	0.0	0.0	0.3892402569610755	1.0	1
Pf3D7_06_v3	17600	24999	9476	1660.2738996392811	14457	963.2406782461651	1.7236961634317833	0.0	0.0	0.5801486487090947	1.0	1
Pf3D7_06_v3	26400	32999	9884	1731.758888142112	15410	1026.7371412999519	1.6867235476405844	0.0	0.0	0.592865381762658	1.0	1
Pf3D7_06_v3	34400	41199	9209	1613.493282163164	15415	1027.0702811900555	1.5710354443160837	0.0	0.0	0.6365228764366474	1.0	1
Pf3D7_06_v3	44400	44599	142	24.87957933186766	246	16.390482593107603	1.5224293188487583	1.2327337997667935e-06	1.5085509513127884e-06	0.6568449435512628	1.0	1
Pf3D7_06_v3	45800	48999	2276	398.7741025304985	2499	166.50331707388577	2.3950858044128664	1.6528614244524738e-290	3.9550612656541337e-290	0.41752157611954155	1.0	1
Pf3D7_06_v3	50000	50399	351	61.498115109053145	589	39.243879054229176	1.5688763150170255	1.782991088165134e-15	2.319619473923572e-15	0.6373988761434951	1.0	1
Pf3D7_06_v3	51400	57999	5063	887.0796489946898	9119	607.5805315713343	1.4601481194413088	5.4968244642899324e-142	1.1599598082123637e-141	0.6848620264515536	1.0	1
Pf3D7_06_v3	61600	61799	59	10.337290004085858	338	22.52025657101776	0.465424892327054	1.0	1	2.148574381142683	2.351573393660985e-37	2.3341543314857187e-36
Pf3D7_06_v3	62800	62999	90	15.768747463859784	304	20.25490531831183	0.7845842898031306	1.0	1	1.2745603155665046	1.1646265915483247e-05	9.179997839263265e-05
Pf3D7_06_v3	74200	74399	91	15.943955769013781	271	18.056182043626666	0.8894406582044216	1.0	1	1.1243021001747013	0.02028179180287855	0.14304000534661712
Pf3D7_06_v3	444800	445199	124	21.7258298390957	438	29.183054373094024	0.7487615722231934	1.0	1	1.3355386241722307	1.60805429921699e-09	1.3901888780327526e-08
Pf3D7_06_v3	723200	723999	311	54.48978290289325	929	61.89739158128847	0.8822053765528288	1.0	1	1.13352290359808	6.493412799477095e-05	0.0004972098943599604
Pf3D7_06_v3	725200	736599	21170	3709.1598201101287	35263	2349.502388946152	1.578729972048739	0.0	0.0	0.6334205454415276	1.0	1
Pf3D7_06_v3	737400	745399	11511	2016.8228006276663	20198	1345.7519000633633	1.4987146980865442	0.0	0.0	0.6672384018630971	1.0	1
Pf3D7_06_v3	1302400	1304799	367	64.30144799151711	2746	182.96042764501414	0.3522793724522791	1.0	1	2.8386561297609423	0.0	0.0
Pf3D7_06_v3	1305800	1309999	979	171.52893074576363	5604	373.3831888283537	0.4597783459080996	1.0	1	2.1749610630855587	0.0	0.0
Pf3D7_06_v3	1311000	1316399	3572	625.8440660100795	8966	597.3864509341576	1.0478132867857461	0.002792524727872948	0.003356038686412332	0.9543685049724675	1.0	1
Pf3D7_06_v3	1318000	1318999	1099	192.55392736424335	1725	114.9332620858155	1.6759071296712866	2.270284162394138e-56	3.6652780453110177e-56	0.5966917750365681	1.0	1
Pf3D7_06_v3	1321200	1321799	543	95.1381096986207	723	48.172028109011364	1.9758700953818138	1.4746726010789334e-46	2.2583557547951665e-46	0.5061061465211161	1.0	1
Pf3D7_06_v3	1325000	1325399	206	36.0929108617235	258	17.190018329356754	2.101689895062185	7.73166239581775e-22	1.0571864908567127e-21	0.4758075881458295	1.0	1
Pf3D7_06_v3	1328800	1343999	23418	4103.028090096315	38461	2562.578662656551	1.6011592838841227	0.0	0.0	0.6245474826053415	1.0	1
Pf3D7_06_v3	1344800	1352999	10981	1923.9623988960475	10562	703.7247038552947	2.7339603660491094	0.0	0.0	0.3657697501464208	1.0	1
Pf3D7_06_v3	1353800	1370199	33708	5905.921550130951	18411	1226.6877033402604	4.814408726879619	0.0	0.0	0.2077098262174624	1.0	1
Pf3D7_06_v3	1371000	1373399	2275	398.5988942253445	2113	140.7849175578714	2.8311659699103684	0.0	0.0	0.3532113661396047	1.0	1
Pf3D7_06_v3	1374800	1376399	1119	196.05809346732332	2069	137.85328652495784	1.4228061442732356	3.547579128565882e-29	4.977755007621238e-29	0.7028364363093165	1.0	1
Pf3D7_06_v3	1377200	1411999	35693	6253.710035861635	101103	6736.288461833162	0.9283782046504444	1.0	1	1.0771472175787697	7.10031800211305e-121	7.928688435692906e-120
Pf3D7_06_v3	1416200	1418199	353	61.84853171936115	2537	169.03518023867474	0.3667834228303155	1.0	1	2.726404569441593	0.0	0.0
Pf3D7_07_v3	200	31399	56921	9973.031937670696	94406	6290.080893028115	1.5855283381939815	0.0	0.0	0.6307045897010356	1.0	1
Pf3D7_07_v3	34200	46799	20537	3598.2529629476485	33338	2221.243531256184	1.619957553560804	0.0	0.0	0.6173001248100082	1.0	1
Pf3D7_07_v3	47600	50999	4587	803.680495741387	6076	404.8315944541536	1.985327816995287	0.0	0.0	0.5036951537371089	1.0	1
Pf3D7_07_v3	53400	53799	386	67.63040578944306	601	40.04341479047833	1.6904896982021926	9.676499192662685e-22	1.309748375572525e-21	0.5915445690461665	1.0	1
Pf3D7_07_v3	54600	57199	3014	528.0778317341487	4720	314.48405625799955	1.679389257481102	1.049403294911743e-151	2.2499206642907772e-151	0.5954545651315463	1.0	1
Pf3D7_07_v3	58800	61599	3042	532.9836642784607	5405	360.1242212022219	1.4802121536319688	5.168036222188254e-92	9.685550402422743e-92	0.6755788334437863	1.0	1
Pf3D7_07_v3	69400	69599	147	25.755620857637645	150	9.994196703114392	2.5774059269131295	8.801294591210427e-24	1.2221486789867328e-23	0.3879870025741989	1.0	1
Pf3D7_07_v3	71000	72599	2500	438.020762884994	3877	258.3166707864966	1.6959144545542253	1.3841083602730275e-130	2.85339261963978e-130	0.5896523832995174	1.0	1
Pf3D7_07_v3	73400	83199	14150	2479.1975179290657	26867	1790.0938854838291	1.3850002318728152	5.412208738747288e-296	1.306731479265111e-295	0.7220215397709986	1.0	1
Pf3D7_07_v3	84800	85399	141	24.704371026713662	903	60.165064152748634	0.4130645919402604	1.0	1	2.42092888016077	1.0747939312997991e-120	1.1521790943533845e-119
Pf3D7_07_v3	89200	90799	278	48.70790883281133	1598	106.47150887717865	0.4588321007002824	1.0	1	2.1794464652184797	5.055994882032492e-169	6.452412516117657e-168
Pf3D7_07_v3	507000	610199	201553	35313.759528703675	306833	20443.662380044654	1.727372473150602	0.0	0.0	0.5789139375227351	1.0	1
Pf3D7_07_v3	1266400	1280799	1950	341.65619505029525	43660	2908.9775203864956	0.11750643370181547	1.0	1	8.51017232416058	0.0	0.0
Pf3D7_07_v3	1379000	1386999	9551	1673.414522525831	20790	1385.1956630516547	1.208139239527695	4.404813318618574e-72	7.519044391017693e-72	0.827719162892959	1.0	1
Pf3D7_07_v3	1387800	1389399	1785	312.7468246998857	2870	191.2222969195887	1.6358606917391396	1.0569352735282047e-82	1.888391022037059e-82	0.6112989969438448	1.0	1
Pf3D7_07_v3	1391000	1412399	35431	6207.805459911288	57575	3836.1058345454076	1.6182746549754552	0.0	0.0	0.6179420761027536	1.0	1
Pf3D7_07_v3	1413200	1432399	36941	6472.370000693825	48688	3243.98299387489	1.995205364738546	0.0	0.0	0.5012015392866795	1.0	1
Pf3D7_07_v3	1434200	1445199	18127	3176.000947526514	34608	2305.8610633425524	1.377396250449083	0.0	0.0	0.7260074939756532	1.0	1
Pf3D7_08_v3	0	26399	22846	4002.8089395482293	89480	5961.871473297838	0.6714232989095846	1.0	1	1.4893733977120478	0.0	0.0
Pf3D7_08_v3	27200	30799	1675	293.47391113294594	4227	281.63646309376355	1.0424064511357156	0.04551711023979828	0.05445797117975865	0.9593186984889501	1.0	1
Pf3D7_08_v3	31600	50999	39502	6921.078470193213	62636	4173.310031308487	1.6584301498637422	0.0	0.0	0.6029798723100642	1.0	1
Pf3D7_08_v3	52600	53799	2608	456.9432598416257	4138	275.7065730499157	1.6575884329691362	1.1923115446958703e-125	2.4207537422613123e-125	0.6032860631204826	1.0	1
Pf3D7_08_v3	54800	61799	7819	1369.953737999107	13343	889.0171107310356	1.5410572555220494	4.556453554193854e-279	1.0711662741438183e-278	0.6489051567790318	1.0	1
Pf3D7_08_v3	65800	71799	2162	378.8003557429428	10667	710.7206415474748	0.5331771970270257	1.0	1	1.875549077447346	0.0	0.0
Pf3D7_08_v3	72600	72999	142	24.87957933186766	440	29.31631032913555	0.852698507382411	1.0	1	1.172747449822295	0.00035800920125990507	0.0026651796093792933
Pf3D7_08_v3	76000	85599	11212	1964.435517386621	5112	340.6022236421385	5.766922089731547	0.0	0.0	0.1734027240944659	1.0	1
Pf3D7_08_v3	92600	92999	243	42.57561815242141	216	14.391643252484723	2.956842196138602	3.215657591845176e-47	4.95285192307188e-47	0.3381986368112304	1.0	1
Pf3D7_08_v3	427000	464399	76552	13412.546176148824	119226	7943.787307503444	1.6884400812741096	0.0	0.0	0.5922626518350551	1.0	1
Pf3D7_08_v3	465200	466599	1348	236.18079534758874	2999	199.81730608426707	1.182466238527652	1.0430780294987087e-09	1.29418940697062e-09	0.8456901071823834	1.0	1
Pf3D7_08_v3	636600	642599	698	122.29539699749033	10900	726.2449604263126	0.1686199246410284	1.0	1	5.930497253683869	0.0	0.0
Pf3D7_08_v3	1220600	1220999	286	50.10957527404331	167	11.126872329467357	4.492319846148419	3.4567812871732265e-93	6.570336063563295e-93	0.22260213748078736	1.0	1
Pf3D7_08_v3	1259400	1259599	172	30.135828486487586	166	11.060244351446594	2.724129107814844	4.451723208159206e-30	6.312496400987656e-30	0.36708979656333124	1.0	1
Pf3D7_08_v3	1381400	1422599	64170	11243.116941732025	86325	5751.6602026423325	1.9547681037599856	0.0	0.0	0.5115696322630319	1.0	1
Pf3D7_08_v3	1423400	1430599	10096	1768.9030488347596	16249	1082.6380148593717	1.6339435402288243	0.0	0.0	0.6120162511000569	1.0	1
Pf3D7_08_v3	1432400	1434599	3430	600.9644866782116	4222	281.3033232036598	2.13647439059763	0.0	0.0	0.468060840982172	1.0	1
Pf3D7_08_v3	1435600	1472799	63873	11191.080075101287	112808	7516.168944566189	1.4889441896002542	0.0	0.0	0.671616845671345	1.0	1
Pf3D7_09_v3	0	27999	49736	8714.160265139224	88970	5927.891204507249	1.4700400575877461	0.0	0.0	0.6802535718930981	1.0	1
Pf3D7_09_v3	29600	32599	2209	387.03514608518066	4447	296.2946182583313	1.306548542725216	1.142416753878068e-33	1.6730474865536734e-33	0.7653753131239862	1.0	1
Pf3D7_09_v3	33400	37799	8257	1446.694975656558	13196	879.2227979619834	1.6454993558178364	0.0	0.0	0.6077182567494752	1.0	1
Pf3D7_09_v3	38600	47399	10276	1800.4405437624791	16924	1127.6119000233864	1.5967456215193503	0.0	0.0	0.6262738325522825	1.0	1
Pf3D7_09_v3	48200	51599	5620	984.6706749654666	8568	570.8685156818941	1.7249698047266417	1.0174283645841451e-307	2.501566988151843e-307	0.579720292645048	1.0	1
Pf3D7_09_v3	52600	78999	38450	6736.759333171207	61453	4094.4891333099245	1.6453395518924998	0.0	0.0	0.6077772815038583	1.0	1
Pf3D7_09_v3	1380600	1393399	13109	2296.8056722637543	3710	247.18979845702927	9.289873325789108	0.0	0.0	0.10764409426595245	1.0	1
Pf3D7_09_v3	1447200	1482199	49676	8703.647766829983	73029	4865.774606878273	1.7887601660295835	0.0	0.0	0.5590464384164184	1.0	1
Pf3D7_09_v3	1483600	1489999	8683	1521.333713652161	13375	891.1492060277	1.7072283322420734	0.0	0.0	0.5857447308683762	1.0	1
Pf3D7_09_v3	1490800	1491199	320	56.06665764927923	474	31.581661581841477	1.7770902230925505	2.383797851079156e-21	3.194289120446069e-21	0.5627176307682158	1.0	1
Pf3D7_09_v3	1492200	1494599	3597	630.2242736389293	3380	225.20256571017762	2.798427390904757	0.0	0.0	0.35734355776037874	1.0	1
Pf3D7_09_v3	1495400	1541599	42225	7398.1706851275485	130154	8671.897851314336	0.8531337865946166	1.0	1	1.1721490998400346	0.0	0.0
Pf3D7_10_v3	0	61399	85473	14975.579466427635	173666	11571.014430953759	1.2942398898133138	0.0	0.0	0.7726542875635242	1.0	1
Pf3D7_10_v3	66800	66999	116	20.32416339786372	298	19.855137450187257	1.0289937293404652	0.3772700197707183	0.44345774253751097	0.9718232205758448	1.0	1
Pf3D7_10_v3	68000	68199	118	20.674580008171716	396	26.384679296221996	0.7882328119800875	1.0	1	1.268660711405734	1.3082313753187555e-06	1.0624424502588682e-05
Pf3D7_10_v3	81400	81799	103	18.04645543086175	445	29.649450219239363	0.6131920778730424	1.0	1	1.630810370983044	1.3800186019338543e-22	1.2753275355802515e-21
Pf3D7_10_v3	1429000	1438199	13844	2425.5837765519427	22725	1514.1208005218302	1.6020202910153372	0.0	0.0	0.624211819043949	1.0	1
Pf3D7_10_v3	1575000	1577999	2155	377.57389760686476	3913	260.7152779952441	1.4485249829823135	2.194627024239372e-59	3.6083438189947957e-59	0.6903574406712251	1.0	1
Pf3D7_10_v3	1578800	1579999	1177	206.22017516625516	1783	118.79768481101974	1.7363948743616442	9.43650395160465e-68	1.590555383037765e-67	0.5759058695491904	1.0	1
Pf3D7_10_v3	1581000	1584999	4057	710.8200940097682	8278	551.5464020558728	1.2889385558409223	1.3812752130965118e-54	2.1775397477050893e-54	0.7758321725022691	1.0	1
Pf3D7_10_v3	1589600	1594599	3634	636.7069809296272	5484	365.3878314658621	1.7427128682570563	1.0200867539166877e-206	2.297338235711532e-206	0.5738179927483593	1.0	1
Pf3D7_10_v3	1598200	1598399	169	29.610203571025593	251	16.723622483211415	1.7739706709529182	3.96846540462378e-12	4.969853871211089e-12	0.563707177561641	1.0	1
Pf3D7_10_v3	1599600	1600799	1785	312.7468246998857	2784	185.4922908098031	1.6863755999939205	4.069200076087163e-92	7.67989873515042e-92	0.5929877068925837	1.0	1
Pf3D7_10_v3	1602400	1637399	64898	11370.668587884136	103005	6863.014876028653	1.656813166148614	0.0	0.0	0.6035683566690713	1.0	1
Pf3D7_10_v3	1638200	1638599	438	76.74123765745095	488	32.51445327413216	2.3607702079415303	2.6106882086762346e-56	4.189607424701981e-56	0.4235905708382979	1.0	1
Pf3D7_10_v3	1639400	1666999	28973	5076.310225226772	64399	4290.775156559092	1.183097790234549	7.0728718991359325e-171	1.5410810316816504e-170	0.8452386677197243	1.0	1
Pf3D7_10_v3	1668800	1687599	11387	1995.0969707885706	47853	3188.348632227553	0.6257880533933584	1.0	1	1.5979851238409934	0.0	0.0
Pf3D7_11_v3	0	31599	6705	1174.7716860575538	96041	6399.017637092063	0.18361172406749668	1.0	1	5.44627531318422	0.0	0.0
Pf3D7_11_v3	32600	50399	22953	4021.5562281997063	44706	2978.6703853962135	1.3501465280243556	0.0	0.0	0.7406603500016264	1.0	1
Pf3D7_11_v3	52000	62199	11598	2032.0659231760642	16230	1081.3720832769773	1.8792013919335513	0.0	0.0	0.5321409425793785	1.0	1
Pf3D7_11_v3	64600	64999	200	35.041661030799524	372	24.785607823723694	1.417050345767343	1.4302336404814145e-06	1.7422846165864504e-06	0.70569122895806	1.0	1
Pf3D7_11_v3	66600	76999	14744	2583.2712511905406	25158	1676.2266710463457	1.5411661318453684	0.0	0.0	0.6488593146039457	1.0	1
Pf3D7_11_v3	78200	79599	874	153.1320587045939	1349	89.88114235000876	1.7044031936606467	6.614154117270824e-48	1.0246204066061161e-47	0.5867156337886468	1.0	1
Pf3D7_11_v3	82600	82799	195	34.16561950502953	467	31.115265735696138	1.1013066789807258	0.0910081890800024	0.10792121536920639	0.9080122903871914	1.0	1
Pf3D7_11_v3	83800	84199	443	77.61727918322093	594	39.57701894433299	1.9622939241876431	9.956998940151931e-38	1.4661954483300646e-37	0.5096076523877447	1.0	1
Pf3D7_11_v3	85000	86799	1195	209.3739246590271	2030	135.2547953821481	1.5485288859728386	1.849155622660849e-45	2.8157596981426563e-45	0.6457741983752315	1.0	1
Pf3D7_11_v3	88400	88799	401	70.25853036675304	657	43.774581559641035	1.6065646777240694	5.759745385468212e-19	7.64164239260139e-19	0.6224461510112647	1.0	1
Pf3D7_11_v3	93400	100399	6340	1110.8206546763447	13195	879.1561699839626	1.2636113002947142	3.219133149555777e-72	5.530305667185566e-72	0.7913826029941077	1.0	1
Pf3D7_11_v3	101400	102599	1289	225.8435053435029	1879	125.19397070101296	1.8043879402796452	2.234129750767305e-83	4.018434719500924e-83	0.5542045464153453	1.0	1
Pf3D7_11_v3	103400	110999	4310	755.1477952137295	7489	498.9769273974912	1.513541243810935	2.8866906766875647e-143	6.139945248827519e-143	0.6607021804586619	1.0	1
Pf3D7_11_v3	133800	133999	123	21.550621533941705	77	5.130354307598721	4.180470250824795	1.1979686479504087e-38	1.7737878323243622e-38	0.23920753886544288	1.0	1
Pf3D7_11_v3	373000	373199	128	22.426663059711693	101	6.729425780097023	3.3257346350252286	1.461928236293562e-30	2.106434232939111e-30	0.3006854453955597	1.0	1
Pf3D7_11_v3	1149400	1149799	192	33.639994589567536	235	15.657574834879213	2.1505193806696443	1.5689120562376707e-21	2.1129066888024913e-21	0.4650039469482078	1.0	1
Pf3D7_11_v3	1197400	1198599	442	77.44207087806693	788	52.50284668036094	1.4764705123574142	6.352757804993588e-15	8.107329008277531e-15	0.6772908714603076	1.0	1
Pf3D7_11_v3	1989800	1998399	12796	2241.965472750553	22331	1487.8693771816497	1.5068797806361993	0.0	0.0	0.6636229464687644	1.0	1
Pf3D7_11_v3	2001600	2022999	38022	6661.770178565296	63004	4197.829127220128	1.5869725632469867	0.0	0.0	0.6301306167221784	1.0	1
Pf3D7_11_v3	2024800	2037999	28241	4948.057745854046	45194	3011.1848386703455	1.6432480013589716	0.0	0.0	0.6085508694810501	1.0	1
Pf3D7_12_v3	0	21999	40973	7178.809887074743	73238	4879.699854284612	1.471173901758342	0.0	0.0	0.6797292956358207	1.0	1
Pf3D7_12_v3	23000	24399	943	165.22143176021973	2022	134.721771557982	1.2270836409864436	5.88524079051736e-10	7.336021078412338e-10	0.8149403729285376	1.0	1
Pf3D7_12_v3	26400	27399	607	106.35144122847653	1700	113.26756263529644	0.9399339154155767	1.0	1	1.0639045826512878	0.004839398014607984	0.03505293697067404
Pf3D7_12_v3	30000	41999	20303	3557.254219541613	34401	2292.0690718922547	1.5520151917916996	0.0	0.0	0.644323589929275	1.0	1
Pf3D7_12_v3	43800	47999	2155	377.57389760686476	5498	366.32062315815284	1.0310105079819558	0.0789736661080422	0.09406641118646805	0.9699222192772272	1.0	1
Pf3D7_12_v3	48800	63999	27376	4796.502561895838	45317	3019.3800799668993	1.5885949427687305	0.0	0.0	0.6294870851452667	1.0	1
Pf3D7_12_v3	377800	386599	1134	198.68621804463328	21360	1423.1736105234895	0.13972442667807292	1.0	1	7.156944735969569	0.0	0.0
Pf3D7_12_v3	553800	554199	210	36.793744082339494	136	9.061405010823716	4.050045878742317	7.758861340719252e-62	1.2915371672750057e-61	0.2469107832206917	1.0	1
Pf3D7_12_v3	763200	785399	46565	8158.574729495897	71107	4737.715633122367	1.722060974559459	0.0	0.0	0.5806995308373571	1.0	1
Pf3D7_12_v3	887800	888199	346	60.62207358328317	270	17.989554065605905	3.3671172422575855	1.189686277195742e-79	2.0976047518977556e-79	0.2969899555174146	1.0	1
Pf3D7_12_v3	903600	915599	23004	4030.4918517625606	35621	2373.3552050775847	1.6982514460476363	0.0	0.0	0.5888409530445644	1.0	1
Pf3D7_12_v3	1057400	1058399	240	42.049993236959416	809	53.90203421879695	0.7824022279470779	1.0	1	1.2781149698715333	4.992638970921044e-12	4.4600908140227994e-11
Pf3D7_12_v3	1688400	1745999	107377	18813.3421825208	171835	11449.018603197743	1.643233237498914	0.0	0.0	0.608556337091898	1.0	1
Pf3D7_12_v3	2162200	2169399	8302	1454.5793493884878	3328	221.737910853098	6.558723123340986	0.0	0.0	0.15246870178758276	1.0	1
Pf3D7_12_v3	2183200	2196399	18718	3279.549055872527	30470	2030.1544902926369	1.6154517528471728	0.0	0.0	0.6190218917015242	1.0	1
Pf3D7_12_v3	2197200	2197599	284	49.75915866373532	528	35.179572394962655	1.4167304969180317	1.2987881835092685e-08	1.596675381561853e-08	0.7058505496814031	1.0	1
Pf3D7_12_v3	2199200	2202799	5170	905.8269376461675	8142	542.4849970450491	1.6698911295543484	2.5458460114341944e-253	5.932928096211862e-253	0.5988414348107081	1.0	1
Pf3D7_12_v3	2203600	2230399	41470	7265.88841473628	70283	4682.814179233259	1.5516225849379404	0.0	0.0	0.6444866230404842	1.0	1
Pf3D7_12_v3	2231200	2236599	5983	1048.2712897363676	9827	654.7531400100341	1.6011222466036594	2.866213950477941e-250	6.62194257524214e-250	0.6245619296847726	1.0	1
Pf3D7_12_v3	2238000	2271399	56482	9896.115491708091	97349	6486.167032343219	1.5257376188207066	0.0	0.0	0.6554206881081777	1.0	1
Pf3D7_13_v3	0	599	319	55.891449344125235	1755	116.93210142643838	0.4792074062228438	1.0	1	2.0867791002691103	1.5210166019953458e-167	1.8528747697034213e-166
Pf3D7_13_v3	24000	26599	3813	668.0692675521929	7108	473.59166777158066	1.410815522189467	3.3470930674261587e-90	6.229312097709795e-90	0.7088098934778406	1.0	1
Pf3D7_13_v3	27400	28799	1000	175.20830515399757	2265	150.91237021702733	1.1616417883007517	1.8488346239558577e-06	2.242025697828823e-06	0.8608505737924589	1.0	1
Pf3D7_13_v3	30000	31999	2311	404.9063932108884	4271	284.5680941266771	1.423162987708296	4.0258377025283984e-58	6.578807952912261e-58	0.7026602073247346	1.0	1
Pf3D7_13_v3	32800	46799	28387	4973.63815840653	44934	2993.861564384947	1.6613001538911607	0.0	0.0	0.6019381853771347	1.0	1
Pf3D7_13_v3	47800	59199	18727	3281.1259306189127	25105	1672.6953882112452	1.96160667636346	0.0	0.0	0.5097861931495145	1.0	1
Pf3D7_13_v3	60000	61199	1301	227.94600500535088	1930	128.59199758007182	1.7730736071597657	9.417569938879925e-80	1.671462744119086e-79	0.5639923779599149	1.0	1
Pf3D7_13_v3	62400	66599	4681	820.1500764258627	7741	515.7671778587234	1.5902898868761635	3.458680711697956e-191	7.724386922792101e-191	0.6288161726063157	1.0	1
Pf3D7_13_v3	69000	71999	2590	453.78951034885375	4170	277.8386683465801	1.633523090987675	2.4923016847951517e-118	5.022081590414291e-118	0.6121737767388223	1.0	1
Pf3D7_13_v3	73000	80399	10219	1790.4536703687013	18047	1202.4351193407028	1.4890863008444746	3.692101529222e-312	9.161881572516e-312	0.671552749785483	1.0	1
Pf3D7_13_v3	83600	91999	10775	1887.869488034324	3523	234.73036656714666	8.041179147104792	0.0	0.0	0.12435987082317992	1.0	1
Pf3D7_13_v3	104000	109999	6842	1198.7752238636515	3556	236.92908984183185	5.058953989540701	0.0	0.0	0.1976693209836426	1.0	1
Pf3D7_13_v3	962000	962399	186	32.58874475864355	263	17.523158219460566	1.8626692045005642	5.571080298322666e-15	7.212799613287317e-15	0.5368639786301342	1.0	1
Pf3D7_13_v3	1632600	1632799	125	21.901038144249696	152	10.127452659155916	2.1655946460629396	6.1401542092491585e-15	7.873499177410403e-15	0.46176693400032376	1.0	1
Pf3D7_13_v3	2829800	2841399	15949	2794.3972589011078	21189	1411.780226281939	1.9793736542842513	0.0	0.0	0.5052103213739114	1.0	1
Pf3D7_13_v3	2846200	2846599	324	56.76749086989522	184	12.25954795582032	4.61965653262461	2.780281852133604e-108	5.3993879447232314e-108	0.21646630933227848	1.0	1
Pf3D7_13_v3	2849800	2851199	896	156.98664141798184	188	12.52605986790337	12.480405426233471	0.0	0.0	0.08012560216177171	1.0	1
Pf3D7_13_v3	2852600	2864999	19835	3475.2567327295424	23108	1539.6393161037824	2.257204990597899	0.0	0.0	0.44302577930022885	1.0	1
Pf3D7_13_v3	2865800	2867599	1259	220.58725618888298	1919	127.85908982184345	1.725708233581405	6.983900199946492e-71	1.184610919990924e-70	0.5794722309023671	1.0	1
Pf3D7_13_v3	2868600	2879999	17317	3034.0822203517764	26812	1786.4293466926872	1.6984406747494705	0.0	0.0	0.5887753483927283	1.0	1
Pf3D7_13_v3	2881000	2883799	3797	665.2659346697288	2822	188.0241539745921	3.5378721703785168	0.0	0.0	0.2826557749521543	1.0	1
Pf3D7_13_v3	2884600	2924999	78763	13799.931738844312	120348	8018.5438988427395	1.721009756115561	0.0	0.0	0.5810542307773255	1.0	1
Pf3D7_14_v3	0	5599	8488	1487.1680941471316	16743	1115.5522360016282	1.3332002088478645	2.2463961069141078e-141	4.703391848851413e-141	0.7500748900003459	1	1
Pf3D7_14_v3	6400	12399	8260	1447.22060057202	13372	890.9493220936376	1.624433107803255	0.0	0.0	0.6155993713722782	1	1
Pf3D7_14_v3	13200	30399	29732	5209.293328838657	49146	3274.4986078083994	1.5908886102532338	0.0	0.0	0.6285795206245285	1	1
Pf3D7_14_v3	31200	33599	2202	385.8086879491027	3577	238.32827738026788	1.6190945677893307	1.1233134939514948e-97	2.1658130674748246e-97	0.6176291489664953	1	1
Pf3D7_14_v3	34600	43199	12554	2199.5650629032857	20922	1393.9905561503954	1.577941203741759	0.0	0.0	0.6337371745085991	1	1
Pf3D7_14_v3	227800	227999	199	34.86645272564552	133	8.861521076761427	3.9248517039520228	1.132742241431092e-56	1.8398480042638343e-56	0.25478669652488456	1	1
Pf3D7_14_v3	1001000	1001199	130	22.777079670019685	104	6.929309714159312	3.2808022291035144	1.8833377889935502e-30	2.6991151200549274e-30	0.3048034993176812	1	1
Pf3D7_14_v3	1259400	1259599	122	21.375413228787707	114	7.595589494366937	2.812582860197271	4.224777799332969e-23	5.806361283185824e-23	0.35554508069847984	1	1
Pf3D7_14_v3	1729000	1729399	188	32.939161368951545	255	16.990134395294465	1.9414217627790806	9.161767104897747e-17	1.20360469809441e-16	0.5150864274687708	1	1
Pf3D7_14_v3	1948800	1948999	116	20.32416339786372	150	9.994196703114392	2.037543874654298	2.4360324630511352e-12	3.06505493003617e-12	0.49078697761522605	1	1
Pf3D7_14_v3	2915600	2915799	146	25.580412552483647	75	4.997098351557196	5.086297951608351	2.3876649443704756e-55	3.8088940779243296e-55	0.196606649770446	1	1
Pf3D7_14_v3	3087800	3112799	46368	8124.05869338056	14598	972.6352231470926	8.352234440891117	0.0	0.0	0.11972843998537333	1	1
Pf3D7_14_v3	3123400	3123599	229	40.122701880265446	87	5.796634087806347	6.872950540670531	2.0983033867012696e-110	4.1047102747148923e-110	0.14549791884613783	1	1
Pf3D7_14_v3	3147200	3154799	11409	1998.9515535019584	20195	1345.552016129301	1.4856562597148955	0.0	0.0	0.6731032117697971	1	1
Pf3D7_14_v3	3162600	3185599	30206	5292.342065481651	48204	3211.735052512841	1.647834393367011	0.0	0.0	0.6068570992481261	1	1
Pf3D7_14_v3	3193400	3197199	3647	638.9846888966292	7402	493.1802933096849	1.2958213617089525	3.3506524076897883e-51	5.2513148845664517e-51	0.7717113095598161	1	1
Pf3D7_14_v3	3198200	3217399	27980	4902.328378208852	34731	2314.056304639106	2.118514758837632	0.0	0.0	0.47202880972548483	1	1
Pf3D7_14_v3	3218800	3229599	14213	2490.2356411537676	25025	1667.3651499695843	1.4935608655151686	0.0	0.0	0.6695408423513249	1	1
Pf3D7_14_v3	3234200	3243599	10557	1849.6740775107526	19192	1278.724154174476	1.4465613231135337	4.89959691630648e-280	1.1620282951948114e-279	0.6912945784058646	1	1
Pf3D7_14_v3	3246600	3255999	14334	2511.4358460774015	25264	1683.2892367165466	1.492026200198773	0.0	0.0	0.6702295173280312	1	1
Pf3D7_14_v3	3256800	3260999	2974	521.0694995279888	5040	335.8050092246436	1.5519164171597637	7.55124100500374e-111	1.4880386686330897e-110	0.6443645991129778	1	1
Pf3D7_14_v3	3262000	3262199	230	40.29791018541944	365	24.31921197757835	1.659697536122007	5.637979204115057e-13	7.127256729730356e-13	0.6025194219041659	1	1
Pf3D7_14_v3	3264800	3291799	38543	6753.053705550528	54215	3612.2358283956446	1.8695081586925433	0.0	0.0	0.5349000459561293	1	1
