Pf3D7_01_v3	0	11399	12756	11638	0.0	4.426068178286345	0.0
Pf3D7_01_v3	12400	13399	382	1035	9.884774662684247e-14	1.4904072511712556	1.036070825755423e-13
Pf3D7_01_v3	14800	15999	438	1299	3.2522775559640306e-10	1.361591718102659	3.3107717566108656e-10
Pf3D7_01_v3	18600	34799	19561	15883	0.0	4.973251919149383	0.0
Pf3D7_01_v3	35800	37199	987	1545	1.4816907088511056e-146	2.5797083573048347	1.914696212807593e-146
Pf3D7_01_v3	39000	39999	1362	947	0.0	5.807765469790477	0.0
Pf3D7_01_v3	41400	51599	13367	7326	0.0	7.367989112445521	0.0
Pf3D7_01_v3	52400	57399	4066	3135	0.0	5.237352087290519	0.0
Pf3D7_01_v3	58400	68599	18180	9305	0.0	7.889680985624938	0.0
Pf3D7_01_v3	71600	73199	650	439	5.809293112411993e-273	5.979030627827775	8.303181569760576e-273
Pf3D7_01_v3	74200	77599	2793	1448	0.0	7.789046840848477	0.0
Pf3D7_01_v3	78400	78799	394	149	1.5049059230726628e-253	10.678048648145163	2.1083582981661564e-253
Pf3D7_01_v3	79800	79999	372	185	5.874122000876147e-200	8.119946226771711	7.878561735772274e-200
Pf3D7_01_v3	80800	84999	4470	2070	0.0	8.720052896250671	0.0
Pf3D7_01_v3	85800	86199	365	145	4.8429919905484697e-228	10.164986447214678	6.621095330073512e-228
Pf3D7_01_v3	87000	95999	14367	8656	0.0	6.702406832107694	0.0
Pf3D7_01_v3	412200	412599	214	351	5.2340213909541496e-31	2.4620031179570816	5.972693764677518e-31
Pf3D7_01_v3	522000	535599	25040	14531	0.0	6.958582226670247	0.0
Pf3D7_01_v3	544000	582799	55578	34784	0.0	6.452163050140998	0.0
Pf3D7_01_v3	587800	601999	20540	11350	0.0	7.307797751672073	0.0
Pf3D7_01_v3	602800	605599	3931	2493	0.0	6.367408414772465	0.0
Pf3D7_01_v3	607200	621399	25675	13388	0.0	7.744202315644422	0.0
Pf3D7_01_v3	623800	623999	119	220	1.31968817160262e-14	2.184269503694761	1.3935513155356023e-14
Pf3D7_02_v3	400	999	278	951	0.0031385860660950995	1.1804462604244235	0.0031722137739461187
Pf3D7_02_v3	8200	10199	1395	271	0.0	20.786762711523526	0.0
Pf3D7_02_v3	23400	25999	1145	369	0.0	12.530288264460165	0.0
Pf3D7_02_v3	29600	30999	545	253	6.629597158435184e-306	8.698771498090206	9.771749978318527e-306
Pf3D7_02_v3	32000	32199	145	199	6.831184464186823e-29	2.94236717908293	7.732900813459483e-29
Pf3D7_02_v3	33000	49999	29967	16272	0.0	7.4367686967501	0.0
Pf3D7_02_v3	51600	72399	34023	19916	0.0	6.898464429311304	0.0
Pf3D7_02_v3	835400	851999	27010	17085	0.0	6.383980367492742	0.0
Pf3D7_02_v3	855400	868399	16604	13963	0.0	4.801931144950621	0.0
Pf3D7_02_v3	872600	875999	3046	2459	0.0	5.002110852659014	0.0
Pf3D7_02_v3	877800	878999	1343	614	0.0	8.83262074783968	0.0
Pf3D7_02_v3	879800	881599	926	638	0.0	5.8610071295895345	0.0
Pf3D7_02_v3	884000	885799	1357	617	0.0	8.881301739686936	0.0
Pf3D7_02_v3	886600	887399	1324	628	0.0	8.513542003910105	0.0
Pf3D7_02_v3	889200	900599	16997	8227	0.0	8.342817026889293	0.0
Pf3D7_02_v3	901600	910399	11538	5457	0.0	8.538046634110582	0.0
Pf3D7_02_v3	911600	911799	138	82	1.0638630950273082e-66	6.795903067449573	1.2597207359528377e-66
Pf3D7_02_v3	913400	914599	1226	1080	0.0	4.584042721261678	0.0
Pf3D7_02_v3	916200	946999	52852	30447	0.0	7.009690788771288	0.0
Pf3D7_03_v3	2400	3199	633	1756	2.350215230642718e-19	1.4556639951596082	2.5779492646197255e-19
Pf3D7_03_v3	10200	11999	1423	180	0.0	31.923782018052375	0.0
Pf3D7_03_v3	31200	31399	131	58	3.30933159134655e-78	9.120638524555636	4.0194885851977405e-78
Pf3D7_03_v3	33400	34599	556	275	1.7154548077571334e-298	8.164395590280922	2.4896087722834297e-298
Pf3D7_03_v3	35600	37799	1042	232	0.0	18.13684225684537	0.0
Pf3D7_03_v3	42200	42399	171	68	2.1385216942744116e-108	10.15474774209057	2.6897850643540376e-108
Pf3D7_03_v3	43200	44599	907	703	0.0	5.2099541791751145	0.0
Pf3D7_03_v3	46200	47399	988	914	1.1144261855410283e-304	4.365084854854396	1.6341067901974666e-304
Pf3D7_03_v3	49800	50399	829	289	0.0	11.583468700644078	0.0
Pf3D7_03_v3	51200	57599	6848	3199	0.0	8.644332297872442	0.0
Pf3D7_03_v3	58800	79599	29901	18254	0.0	6.614691719275504	0.0
Pf3D7_03_v3	117200	118199	435	1127	2.473627400686038e-18	1.5586452581299997	2.6924482861313413e-18
Pf3D7_03_v3	119600	121999	1074	2260	2.9412829675447836e-83	1.9190124129285273	3.603389955909843e-83
Pf3D7_03_v3	123800	138799	27890	14937	0.0	7.53992585147272	0.0
Pf3D7_03_v3	339200	339599	361	466	7.078165664012551e-75	3.1282627760565136	8.487800351337084e-75
Pf3D7_03_v3	583600	583999	187	400	1.2445467616302533e-15	1.887832928193329	1.329082013363629e-15
Pf3D7_03_v3	872600	872799	141	189	3.9266777797342e-29	3.012584589596349	4.462850649256139e-29
Pf3D7_03_v3	1002800	1004799	1896	1443	0.0	5.305837484821879	0.0
Pf3D7_03_v3	1006600	1008799	2096	1085	0.0	7.800877926993209	0.0
Pf3D7_03_v3	1009600	1010399	643	459	3.201721935915923e-257	5.656922502199902	4.530436539321031e-257
Pf3D7_03_v3	1013400	1014999	801	535	0.0	6.045896048709507	0.0
Pf3D7_03_v3	1015800	1023399	12216	6349	0.0	7.769724837987778	0.0
Pf3D7_03_v3	1024400	1028999	3946	2617	0.0	6.0888503467871535	0.0
Pf3D7_03_v3	1030800	1032199	778	1507	5.066403124994564e-75	2.08472265702573	6.101242912227497e-75
Pf3D7_03_v3	1033000	1066599	52513	34449	0.0	6.155624958306422	0.0
Pf3D7_04_v3	5000	17999	18619	13250	0.0	5.674432253460856	0.0
Pf3D7_04_v3	18800	35399	28026	15593	0.0	7.257940114434489	0.0
Pf3D7_04_v3	36600	37799	808	1273	4.68839409142231e-119	2.563096153312038	5.949845416468672e-119
Pf3D7_04_v3	38800	39799	547	973	1.8944355905464993e-64	2.2701597940582925	2.2338553005194137e-64
Pf3D7_04_v3	42000	64199	37778	17625	0.0	8.655492378963109	0.0
Pf3D7_04_v3	65000	75399	16746	9739	0.0	6.943503563988108	0.0
Pf3D7_04_v3	76600	90199	20709	12176	0.0	6.868097161410832	0.0
Pf3D7_04_v3	98400	101999	4325	3764	0.0	4.640004895483896	0.0
Pf3D7_04_v3	109200	116199	9504	7090	0.0	5.413051190439016	0.0
Pf3D7_04_v3	117000	124799	8091	7404	0.0	4.412835444350712	0.0
Pf3D7_04_v3	128600	132599	2759	4149	0.0	2.685283896195795	0.0
Pf3D7_04_v3	150600	171599	37271	21803	0.0	6.902981860828509	0.0
Pf3D7_04_v3	263800	264399	269	559	3.14731612916711e-23	1.9432219784527587	3.479259627165203e-23
Pf3D7_04_v3	545600	569399	48421	21298	0.0	9.180722772899687	0.0
Pf3D7_04_v3	571200	572399	1171	752	0.0	6.288122536450075	0.0
Pf3D7_04_v3	582600	584799	1524	240	0.0	25.64222266102169	0.0
Pf3D7_04_v3	597800	613999	30702	16612	0.0	7.463227608338228	0.0
Pf3D7_04_v3	934600	939199	9672	4721	0.0	8.27302295080956	0.0
Pf3D7_04_v3	950800	951199	433	221	5.873448123916908e-228	7.91184124574938	7.991277976290793e-228
Pf3D7_04_v3	962800	992399	56298	29497	0.0	7.7072076534151694	0.0
Pf3D7_04_v3	1121000	1147799	38059	28323	0.0	5.426253292687612	0.0
Pf3D7_04_v3	1148600	1149599	1458	838	0.0	7.025794568953004	0.0
Pf3D7_04_v3	1150600	1150999	390	150	2.0812550963272856e-248	10.499177782465575	2.887231334610891e-248
Pf3D7_04_v3	1152400	1153799	2850	1356	0.0	8.48725229181611	0.0
Pf3D7_04_v3	1154600	1167799	24454	12269	0.0	8.048643344151085	0.0
Pf3D7_04_v3	1169400	1171199	1307	1722	2.4868754607419655e-256	3.0649569734839863	3.501421668606846e-256
Pf3D7_04_v3	1173000	1177599	5038	4524	0.0	4.496944302868594	0.0
Pf3D7_04_v3	1179200	1179999	478	107	0.0	18.039564989283047	0.0
Pf3D7_04_v3	1181200	1181999	402	117	1.041565205851749e-300	13.874653085309534	1.5193966662682733e-300
Pf3D7_04_v3	1182800	1183399	426	162	6.023238247123892e-273	10.618826532123302	8.565710673045535e-273
Pf3D7_04_v3	1191800	1193599	1244	180	0.0	27.9080708576649	0.0
Pf3D7_05_v3	23600	26399	5160	2589	0.0	8.048215431785714	0.0
Pf3D7_05_v3	27400	28199	535	908	2.442763544476517e-69	2.379303674016893	2.9046306012052704e-69
Pf3D7_05_v3	29600	42999	21480	13275	0.0	6.534038498257584	0.0
Pf3D7_05_v3	987600	987799	119	206	1.5062306456629602e-16	2.3327150039458613	1.6269590561931974e-16
Pf3D7_05_v3	1114800	1114999	126	226	2.8156277629642025e-16	2.2513553447764845	3.0297439426572977e-16
Pf3D7_05_v3	1318400	1343399	47691	25038	0.0	7.691636214854432	0.0
Pf3D7_06_v3	0	13799	27806	13462	0.0	8.340860811036128	0.0
Pf3D7_06_v3	14600	16199	3224	1361	0.0	9.565746105993616	0.0
Pf3D7_06_v3	17600	24999	9476	4971	0.0	7.697739865577563	0.0
Pf3D7_06_v3	26400	32999	9884	4759	0.0	8.386851892114514	0.0
Pf3D7_06_v3	34400	41199	9209	5353	0.0	6.946997959356039	0.0
Pf3D7_06_v3	44400	44599	142	135	9.188304927961176e-45	4.24753061284932	1.0570285750459402e-44
Pf3D7_06_v3	45800	48999	2276	1410	0.0	6.518311138268315	0.0
Pf3D7_06_v3	50000	50399	351	232	1.6514522603914843e-151	6.109435347555398	2.1438577508751838e-151
Pf3D7_06_v3	51400	57999	5063	3713	0.0	5.506364034123681	0.0
Pf3D7_06_v3	723200	723399	131	228	7.946229219095607e-18	2.320162431685206	8.616026318023207e-18
Pf3D7_06_v3	725400	736399	21070	11405	0.0	7.460212318367438	0.0
Pf3D7_06_v3	738200	745399	11322	7882	0.0	5.800543148609061	0.0
Pf3D7_06_v3	1307800	1308199	189	433	3.61695657537561e-13	1.7626084569959082	3.763230554526829e-13
Pf3D7_06_v3	1311200	1316399	3532	3569	0.0	3.996281648346704	0.0
Pf3D7_06_v3	1318000	1318999	1099	451	0.0	9.840181121379555	0.0
Pf3D7_06_v3	1321200	1321799	543	285	2.5415538096400524e-279	7.693729468122545	3.651064609787486e-279
Pf3D7_06_v3	1325000	1325399	206	120	1.018207522990608e-99	6.932149433294578	1.2750120752493013e-99
Pf3D7_06_v3	1328800	1343999	23418	12773	0.0	7.403529840883679	0.0
Pf3D7_06_v3	1344800	1352999	10981	5794	0.0	7.653240170816923	0.0
Pf3D7_06_v3	1353800	1370199	33708	15093	0.0	9.018604770712596	0.0
Pf3D7_06_v3	1371000	1373399	2275	1774	0.0	5.178568522918476	0.0
Pf3D7_06_v3	1374800	1376399	1119	1675	2.468001951206676e-179	2.6977221443350117	3.263759589679857e-179
Pf3D7_06_v3	1377200	1391799	21626	14265	0.0	6.121901877203496	0.0
Pf3D7_06_v3	1396600	1398199	544	1566	3.1090949328427864e-14	1.40277844426301	3.270906565035348e-14
Pf3D7_06_v3	1399200	1399399	125	207	1.0440705441403682e-18	2.4384935392199862	1.140818393790441e-18
Pf3D7_06_v3	1402400	1411799	11222	9359	0.0	4.841977408616496	0.0
Pf3D7_07_v3	200	31399	56921	30822	0.0	7.457506608113621	0.0
Pf3D7_07_v3	34200	46799	20537	11829	0.0	7.010853837651127	0.0
Pf3D7_07_v3	47600	50999	4587	2715	0.0	6.822457641049665	0.0
Pf3D7_07_v3	53400	53799	386	262	1.339112500351304e-162	5.949328573152836	1.746400173269212e-162
Pf3D7_07_v3	54600	57199	3014	1446	0.0	8.416991657716576	0.0
Pf3D7_07_v3	58800	61599	3042	1456	0.0	8.436839289481265	0.0
Pf3D7_07_v3	69400	69599	147	65	1.7685630474425047e-87	9.13242091137538	2.1761014888096904e-87
Pf3D7_07_v3	71000	72599	2500	1243	0.0	8.121772528053697	0.0
Pf3D7_07_v3	73400	83199	14150	10022	0.0	5.701432449453043	0.0
Pf3D7_07_v3	507600	610199	201377	99452	0.0	8.176704201716056	0.0
Pf3D7_07_v3	1379600	1386999	9411	7185	0.0	5.289211611304722	0.0
Pf3D7_07_v3	1387800	1389399	1785	764	0.0	9.434671940042815	0.0
Pf3D7_07_v3	1391000	1412399	35431	19059	0.0	7.50697970291721	0.0
Pf3D7_07_v3	1413200	1432399	36941	17086	0.0	8.730722554274323	0.0
Pf3D7_07_v3	1434200	1445199	18127	11295	0.0	6.480695871650268	0.0
Pf3D7_08_v3	5800	9199	1652	375	0.0	17.7893760991109	0.0
Pf3D7_08_v3	13400	26399	20323	12478	0.0	6.576953594419959	0.0
Pf3D7_08_v3	27400	30799	1619	3500	2.6806099012143768e-115	1.8679306406386553	3.386663401980663e-115
Pf3D7_08_v3	33000	50999	39131	17259	0.0	9.155609465867537	0.0
Pf3D7_08_v3	52600	53799	2608	932	0.0	11.299874404370343	0.0
Pf3D7_08_v3	54800	61799	7819	4252	0.0	7.4257427347400595	0.0
Pf3D7_08_v3	67400	70799	1646	2615	3.5812783994316494e-236	2.5417924150519684	4.94391115628857e-236
Pf3D7_08_v3	76000	85599	11212	9788	0.0	4.625631907870077	0.0
Pf3D7_08_v3	92600	92999	243	422	2.3709811928749005e-31	2.3252827206882376	2.716549301957882e-31
Pf3D7_08_v3	427000	464399	76552	37119	0.0	8.328028747493036	0.0
Pf3D7_08_v3	465200	466399	1277	1425	0.0	3.6187449468848953	0.0
Pf3D7_08_v3	1220600	1220999	286	443	5.126580848397158e-45	2.6070193139305036	5.921724000393452e-45
Pf3D7_08_v3	1259400	1259599	172	262	8.984732212909946e-29	2.650996151767585	1.00899968898949e-28
Pf3D7_08_v3	1381400	1422599	64170	39462	0.0	6.566514215241301	0.0
Pf3D7_08_v3	1423400	1430599	10096	5016	0.0	8.127813986916669	0.0
Pf3D7_08_v3	1432400	1434599	3430	1786	0.0	7.755228657476294	0.0
Pf3D7_08_v3	1435600	1472799	63873	52542	0.0	4.908995752112036	0.0
Pf3D7_09_v3	400	25599	48350	25087	0.0	7.782689253432064	0.0
Pf3D7_09_v3	26400	27999	1149	1497	1.8701410623670632e-229	3.099418136799996	2.569174372086791e-229
Pf3D7_09_v3	29600	32599	2209	1473	0.0	6.055847230003251	0.0
Pf3D7_09_v3	33400	37799	8257	3972	0.0	8.394502958189852	0.0
Pf3D7_09_v3	38600	47399	10276	7177	0.0	5.781800350082863	0.0
Pf3D7_09_v3	48200	51599	5620	2733	0.0	8.303833366750615	0.0
Pf3D7_09_v3	52600	78799	38384	20642	0.0	7.508970508264676	0.0
Pf3D7_09_v3	1380600	1393399	13109	12057	0.0	4.390482437599007	0.0
Pf3D7_09_v3	1447200	1482199	49676	33079	0.0	6.06423730977078	0.0
Pf3D7_09_v3	1483600	1489999	8683	4619	0.0	7.591083708190964	0.0
Pf3D7_09_v3	1490800	1491199	320	165	5.121356867732592e-168	7.831554523051243	6.709925896149647e-168
Pf3D7_09_v3	1492200	1494599	3597	1612	0.0	9.010675339647038	0.0
Pf3D7_09_v3	1495400	1512599	27657	16798	0.0	6.648588200281407	0.0
Pf3D7_09_v3	1530600	1541399	10912	11032	0.0	3.994220587740013	0.0
Pf3D7_10_v3	600	61399	85376	57649	0.0	5.980341258543286	0.0
Pf3D7_10_v3	66800	66999	116	252	4.5941533493645304e-10	1.8588287893254067	4.660019347204882e-10
Pf3D7_10_v3	68000	68199	118	239	5.438112791544591e-12	1.9937286423092013	5.616736934332552e-12
Pf3D7_10_v3	1429000	1438199	13844	10179	0.0	5.492099768771808	0.0
Pf3D7_10_v3	1544600	1544799	142	843	1	0.6802095287481117	1
Pf3D7_10_v3	1575000	1577799	2093	1429	0.0	5.914512326721334	0.0
Pf3D7_10_v3	1578800	1579999	1177	755	0.0	6.2952278400213855	0.0
Pf3D7_10_v3	1581000	1584999	4057	2933	0.0	5.585665013960874	0.0
Pf3D7_10_v3	1589600	1594599	3634	2343	0.0	6.2631754262254	0.0
Pf3D7_10_v3	1598200	1598399	169	138	1.3267187864865041e-61	4.945264897538133	1.557931189110708e-61
Pf3D7_10_v3	1599600	1600799	1785	867	0.0	8.313828560775907	0.0
Pf3D7_10_v3	1602400	1637399	64898	39171	0.0	6.690346269968666	0.0
Pf3D7_10_v3	1638200	1638599	438	383	5.221748660949321e-145	4.618035618316852	6.717067595675718e-145
Pf3D7_10_v3	1639400	1655999	26799	14982	0.0	7.223218256582126	0.0
Pf3D7_10_v3	1677000	1686999	9657	9645	0.0	4.043169431960363	0.0
Pf3D7_11_v3	8200	9599	1023	158	0.0	26.145712929557646	0.0
Pf3D7_11_v3	10400	11399	337	98	9.806168510304994e-253	13.886275167546696	1.3670668415843908e-252
Pf3D7_11_v3	20600	21599	329	142	3.476782840829747e-195	9.355984535295704	4.641177094126501e-195
Pf3D7_11_v3	22800	26199	1323	353	0.0	15.13446524972974	0.0
Pf3D7_11_v3	27000	27599	239	44	4.2032413352922875e-225	21.934471066514615	5.691470324821615e-225
Pf3D7_11_v3	28400	31399	1127	603	0.0	7.547246690163733	0.0
Pf3D7_11_v3	32600	34799	972	340	0.0	11.544344801534544	0.0
Pf3D7_11_v3	35600	50399	21961	11614	0.0	7.6357593382233135	0.0
Pf3D7_11_v3	52000	62199	11598	7726	0.0	6.061921977789069	0.0
Pf3D7_11_v3	64600	64999	200	242	1.6985696979100387e-46	3.3373101660729727	1.970062395526807e-46
Pf3D7_11_v3	66600	76999	14744	8443	0.0	7.051807925758817	0.0
Pf3D7_11_v3	78200	79599	874	472	0.0	7.477413120823754	0.0
Pf3D7_11_v3	82600	82799	195	226	5.329308607674115e-48	3.4842404145350354	6.206561053381788e-48
Pf3D7_11_v3	83800	84199	443	305	6.742056689909397e-184	5.865240551869166	8.957756071569763e-184
Pf3D7_11_v3	85000	86799	1195	759	0.0	6.357817700439019	0.0
Pf3D7_11_v3	88400	88799	401	220	2.2776265153734378e-200	7.360437571273942	3.069372875479442e-200
Pf3D7_11_v3	93400	100399	6340	5038	0.0	5.081746964670942	0.0
Pf3D7_11_v3	101400	102599	1289	746	0.0	6.977438730458922	0.0
Pf3D7_11_v3	103400	110799	4251	3877	0.0	4.427690398331497	0.0
Pf3D7_11_v3	133800	133999	123	172	3.490534525495652e-24	2.887743441957213	3.8738089047657626e-24
Pf3D7_11_v3	373000	373199	128	233	4.883957694337225e-16	2.2183802511647297	5.235454649611495e-16
Pf3D7_11_v3	1149400	1149799	192	367	9.001684861394181e-21	2.1125991765179104	9.91236115087375e-21
Pf3D7_11_v3	1197400	1198599	442	1237	1.450249917365466e-13	1.4428942789160448	1.514467625883494e-13
Pf3D7_11_v3	1989800	1998199	12728	8499	0.0	6.047477749202251	0.0
Pf3D7_11_v3	2002200	2022999	37846	20656	0.0	7.39870483441563	0.0
Pf3D7_11_v3	2024800	2037999	28241	13090	0.0	8.712090255468363	0.0
Pf3D7_12_v3	200	21999	40903	21470	0.0	7.693165218662703	0.0
Pf3D7_12_v3	23000	24399	943	1469	2.341669995975263e-141	2.5922198902615685	2.9986090898687756e-141
Pf3D7_12_v3	26400	27399	607	918	9.330533813361689e-97	2.6701026118470765	1.163233951181215e-96
Pf3D7_12_v3	30000	38799	18812	8643	0.0	8.789261761129165	0.0
Pf3D7_12_v3	40000	41999	1153	2118	3.316295855416052e-124	2.1982915637362543	4.227530302174516e-124
Pf3D7_12_v3	43800	47999	2155	3543	4.229366894239978e-289	2.456167971646509	6.106687913622009e-289
Pf3D7_12_v3	48800	63799	27305	15690	0.0	7.0275052544546375	0.0
Pf3D7_12_v3	553800	554199	210	355	7.888335471878781e-29	2.3887620090116686	8.89401967546492e-29
Pf3D7_12_v3	763200	785399	46565	21978	0.0	8.555657290866206	0.0
Pf3D7_12_v3	887800	888199	346	451	7.14965513180433e-71	3.0980006078228626	8.537351908441458e-71
Pf3D7_12_v3	903600	915599	23004	13100	0.0	7.091106450611804	0.0
Pf3D7_12_v3	974400	975599	567	3246	1	0.7053691884281221	1
Pf3D7_12_v3	1688800	1743399	106806	58186	0.0	7.412404135240158	0.0
Pf3D7_12_v3	2162200	2169399	8302	7498	0.0	4.471149945115066	0.0
Pf3D7_12_v3	2183200	2196399	18718	12106	0.0	6.24368112862632	0.0
Pf3D7_12_v3	2197200	2197599	284	283	1.5834903608518662e-82	4.0524143656159595	1.9315852246598195e-82
Pf3D7_12_v3	2199200	2202799	5170	2605	0.0	8.014284532016392	0.0
Pf3D7_12_v3	2203600	2230399	41470	24047	0.0	6.9639408504314835	0.0
Pf3D7_12_v3	2231200	2236599	5983	3078	0.0	7.849325320199371	0.0
Pf3D7_12_v3	2238000	2271399	56482	31101	0.0	7.333607372372649	0.0
Pf3D7_13_v3	200	399	211	479	7.590561245636268e-15	1.7788072202507113	8.04542633900773e-15
Pf3D7_13_v3	24000	26599	3813	2403	0.0	6.407593854563403	0.0
Pf3D7_13_v3	27400	28799	1000	1413	1.3188794750061122e-176	2.857852300741895	1.7360134484964175e-176
Pf3D7_13_v3	30000	31999	2311	1751	0.0	5.329613815243584	0.0
Pf3D7_13_v3	32800	46799	28387	12588	0.0	9.10635769447246	0.0
Pf3D7_13_v3	47800	59199	18727	9898	0.0	7.640164381780033	0.0
Pf3D7_13_v3	60000	61199	1301	530	0.0	9.91250384251648	0.0
Pf3D7_13_v3	62400	66599	4681	2295	0.0	8.236408781585611	0.0
Pf3D7_13_v3	69000	71999	2590	2118	0.0	4.938053035626105	0.0
Pf3D7_13_v3	73000	80399	10219	7530	0.0	5.4801868300651595	0.0
Pf3D7_13_v3	83600	91999	10775	8395	0.0	5.182967911580453	0.0
Pf3D7_13_v3	104000	109999	6842	6493	0.0	4.255196388277876	0.0
Pf3D7_13_v3	962000	962399	186	402	3.69909318839802e-15	1.8683955870059288	3.9355013996866154e-15
Pf3D7_13_v3	1632600	1632799	125	256	2.811739164024021e-12	1.971750635228661	2.9147332725963294e-12
Pf3D7_13_v3	2829800	2841199	15877	11115	0.0	5.768208092051832	0.0
Pf3D7_13_v3	2846200	2846599	324	338	6.2337728270248566e-89	3.8708848446960014	7.73753381600015e-89
Pf3D7_13_v3	2849800	2851199	896	634	0.0	5.706905661908004	0.0
Pf3D7_13_v3	2852600	2864999	19835	10442	0.0	7.670619808878517	0.0
Pf3D7_13_v3	2865800	2867599	1259	564	0.0	9.01422860619487	0.0
Pf3D7_13_v3	2868600	2879999	17317	9385	0.0	7.451098793449298	0.0
Pf3D7_13_v3	2881000	2883799	3797	1796	0.0	8.537214759298823	0.0
Pf3D7_13_v3	2884600	2923199	78460	68644	0.0	4.615594666866783	0.0
Pf3D7_14_v3	0	5599	8488	6871	0.0	4.9884699919151725	0.0
Pf3D7_14_v3	6400	12399	8260	3937	0.0	8.47220731161619	0.0
Pf3D7_14_v3	13200	30399	29732	16258	0.0	7.384803548271298	0.0
Pf3D7_14_v3	31200	33599	2202	1777	0.0	5.003936945800873	0.0
Pf3D7_14_v3	34600	42599	12452	7950	0.0	6.324903809736881	0.0
Pf3D7_14_v3	227800	227999	199	214	1.1664048522175376e-53	3.7550977331248183	1.364018897427947e-53
Pf3D7_14_v3	1001000	1001199	130	184	5.591136693936432e-25	2.853037440887384	6.229494820409489e-25
Pf3D7_14_v3	1259400	1259599	122	264	1.3837277584834172e-10	1.8661126011958042	1.4137002009054408e-10
Pf3D7_14_v3	1729000	1729399	188	457	4.8725499455596304e-11	1.6612063820093652	5.01429685306682e-11
Pf3D7_14_v3	1948800	1948999	116	244	7.39019929091434e-11	1.919773995532797	7.577631881625936e-11
Pf3D7_14_v3	2915600	2915799	146	202	9.868361002453142e-29	2.9186594749428285	1.1038522386143237e-28
Pf3D7_14_v3	3087800	3112799	46368	26382	0.0	7.097290626729234	0.0
Pf3D7_14_v3	3123400	3123599	229	198	5.37454544738796e-78	4.670380171298788	6.499984451328174e-78
Pf3D7_14_v3	3147800	3154799	11232	7186	0.0	6.311779574206969	0.0
Pf3D7_14_v3	3162600	3185599	30206	21962	0.0	5.553966713434308	0.0
Pf3D7_14_v3	3193800	3197199	3554	2797	0.0	5.131057704529943	0.0
Pf3D7_14_v3	3198200	3217399	27980	18587	0.0	6.078834966403043	0.0
Pf3D7_14_v3	3219800	3229599	13884	10214	0.0	5.489094317443329	0.0
Pf3D7_14_v3	3235800	3243399	10261	7599	0.0	5.452744957630014	0.0
Pf3D7_14_v3	3246800	3255999	14266	9659	0.0	5.964197211235988	0.0
Pf3D7_14_v3	3256800	3260999	2974	2131	0.0	5.6355908611075725	0.0
Pf3D7_14_v3	3262000	3262199	230	176	3.9248720287357605e-88	5.277121700102889	4.8503877036341495e-88
Pf3D7_14_v3	3264800	3291799	38543	21098	0.0	7.377108462150452	0.0
Pf_M76611	0	5799	3598	29181	1	0.4979009215863738	1
