#chrom	start	end	Readcount_A	Normalized_Readcount_A	ReadcountB	Normalized_Readcount_B	Fc_A_vs_B	pvalue_A_vs_B	FDR_A_vs_B	Fc_B_vs_A	pvalue_B_vs_A	FDR_B_vs_A
Pf3D7_01_v3	0	34799	34560	6055.199026122156	98967	7195.669467297102	0.8415218454341437	1.0	1	1.188323280525293	0.0	0.0
Pf3D7_01_v3	35600	37199	1056	185.01997024262147	2243	163.08351890172884	1.1350788280060495	2.6996080377247634e-05	3.2324254135914926e-05	0.8809960817934227	1.0	1
Pf3D7_01_v3	39000	39999	1362	238.6337116197447	2476	180.02442835518528	1.3260006520278402	1.2118116126629337e-23	1.6793125393755376e-23	0.7541474421379126	1.0	1
Pf3D7_01_v3	41400	51599	13367	2342.0094149934857	17264	1255.2268704054597	1.8658371786522816	0.0	0.0	0.5359524461412613	1.0	1
Pf3D7_01_v3	52400	57399	4066	712.3969687561543	6420	466.7838570437357	1.52631928256567	2.190207542843814e-140	4.5643256427203155e-140	0.655170914383685	1.0	1
Pf3D7_01_v3	58400	68599	18180	3185.286987699676	26216	1906.106790694482	1.671123941149158	0.0	0.0	0.5983996610762121	1.0	1
Pf3D7_01_v3	71600	73199	650	113.88539835009843	908	66.01865143235389	1.72580210240668	1.143521672911653e-37	1.696638134265659e-37	0.5794407125854533	1.0	1
Pf3D7_01_v3	74200	77599	2793	489.35679629511526	3633	264.14731349531024	1.8527437938411315	1.8726929310816925e-192	4.025552521144111e-192	0.5397400349277583	1.0	1
Pf3D7_01_v3	78400	78799	394	69.03207223067506	612	44.49715272753368	1.5527820767137783	1.680807019020286e-16	2.1542737849414932e-16	0.6440053726768565	1.0	1
Pf3D7_01_v3	79800	79999	372	65.1774895172871	486	35.33597422480616	1.8456687498169035	2.7863530257692574e-27	3.961845708515663e-27	0.5418090326875845	1.0	1
Pf3D7_01_v3	80800	84999	4470	783.1811240383691	6450	468.9650900205756	1.6701347653438938	1.7398025186859055e-219	3.799728700810018e-219	0.598754077066405	1.0	1
Pf3D7_01_v3	85800	86199	365	63.95103138120913	506	36.79012954269942	1.7395904484924969	1.3402647118768496e-22	1.8386546047355776e-22	0.5748479481860718	1.0	1
Pf3D7_01_v3	87000	95999	14367	2517.2177201474833	21393	1555.437235784523	1.6183714793277006	0.0	0.0	0.6179051057025654	1.0	1
Pf3D7_01_v3	412200	412599	214	37.494577302955484	192	13.959891051775273	2.684448269174164	5.1918273953267335e-36	7.620262789915044e-36	0.37251602553981683	1.0	1
Pf3D7_01_v3	522000	536199	25236	4421.556788866284	36053	2621.3330838002807	1.6867789074844628	0.0	0.0	0.5928459240051359	1.0	1
Pf3D7_01_v3	543400	582799	55762	9769.965511997214	77944	5667.134104893603	1.7239781506610397	0.0	0.0	0.5800537550992519	1.0	1
Pf3D7_01_v3	587800	601999	20540	3598.7785878631107	29578	2150.5502996323385	1.673447081979367	0.0	0.0	0.5975689406426833	1.0	1
Pf3D7_01_v3	602800	605599	3931	688.7438475603644	3174	230.77444894965996	2.984308170251328	0.0	0.0	0.3350860376848358	1.0	1
Pf3D7_01_v3	607200	621399	25675	4498.473234828888	38365	2789.4334385487414	1.6127042591669656	0.0	0.0	0.6200764922122455	1.0	1
Pf3D7_01_v3	623000	625599	676	118.44081428410237	5494	399.45646582527786	0.2968895150335954	1.0	1	3.3682563693326864	0.0	0.0
Pf3D7_01_v3	627000	640799	2639	462.37471730139964	32080	2332.465129900785	0.19830328929165783	1.0	1	5.042780700068135	0.0	0.0
Pf3D7_02_v3	0	28999	5073	888.8317320462298	88518	6435.946021463768	0.13812994923614685	1.0	1	7.2395595997099855	0.0	0.0
Pf3D7_02_v3	29600	31199	593	103.89852495632057	1563	113.64223809335807	0.9152159593013279	1.0	1	1.0926382891786501	0.00022495321523242413	0.0017058952155125497
Pf3D7_02_v3	32000	32199	145	25.40520424732965	95	6.907237759992974	3.6648441535266274	8.383727211730916e-39	1.2575590817596374e-38	0.27286289896876353	1.0	1
Pf3D7_02_v3	33000	49999	29967	5250.467280549846	43634	3172.53065704772	1.654994931635101	0.0	0.0	0.6042314576830883	1.0	1
Pf3D7_02_v3	51600	72399	34023	5961.11216625446	49802	3620.992157086001	1.646280195757674	0.0	0.0	0.6074300125682834	1.0	1
Pf3D7_02_v3	128000	128199	78	13.666247802011812	239	17.37715604882443	0.793212844187955	1.0	1	1.2606956724506164	0.0001494867895576671	0.0011659969585498034
Pf3D7_02_v3	360800	381599	3070	537.8894968227727	57064	4148.995953013043	0.12968324921065816	1.0	1	7.711096121408823	0.0	0.0
Pf3D7_02_v3	831600	831999	127	22.251454754557695	436	31.700585930073014	0.7058337506431648	1.0	1	1.4167642154952027	1.1650890440653395e-12	9.638463909995082e-12
Pf3D7_02_v3	835400	851999	27010	4732.376322209475	21878	1590.7005022434346	2.9750007736721154	0.0	0.0	0.3361343663671307	1.0	1
Pf3D7_02_v3	853800	853999	111	19.448121872093733	247	17.95881817598173	1.0882789532345973	0.18601758244762764	0.21795193136567528	0.9188820541165357	1.0	1
Pf3D7_02_v3	855400	868399	16604	2909.1586987769756	24094	1751.8209114660074	1.6606795499133644	0.0	0.0	0.6021631325876017	1.0	1
Pf3D7_02_v3	870200	870999	197	34.51603611533753	729	53.00396133720924	0.6536062832635967	1.0	1	1.5299730519828925	1.1573829589897833e-27	1.2638621912168433e-26
Pf3D7_02_v3	872200	875999	3159	553.4830359814783	5190	377.35330499330036	1.466931863649464	1.7379656092323863e-91	3.2948931341697323e-91	0.6816949203844948	1.0	1
Pf3D7_02_v3	877800	878999	1343	235.30475382181876	1897	137.9266319021755	1.7063847022266396	1.018262464237589e-72	1.748337438596615e-72	0.5860343208041615	1.0	1
Pf3D7_02_v3	879800	881599	926	162.24289057260177	1084	78.81521822981456	2.058846101323412	3.4157638963398355e-86	6.3870105732929794e-86	0.48570896064412344	1.0	1
Pf3D7_02_v3	884000	885799	1357	237.75767009397472	2037	148.10571912742827	1.605718749939369	3.349393238118242e-59	5.475355413211258e-59	0.6227740692682073	1.0	1
Pf3D7_02_v3	886600	887399	1324	231.97579602389283	1855	134.87290573459964	1.7203301263897433	1.1144556786634122e-73	1.9256101283234907e-73	0.5812837807465383	1.0	1
Pf3D7_02_v3	889200	900599	16997	2978.015562702497	25471	1851.9395051029583	1.608083764412274	0.0	0.0	0.6218581532445743	1.0	1
Pf3D7_02_v3	901600	910399	11538	2021.5534248668241	16671	1212.1111652299248	1.667839903013584	0.0	0.0	0.5995779320264023	1.0	1
Pf3D7_02_v3	911600	911799	138	24.178746111251666	156	11.342411479567408	2.133482260913503	8.308280425215077e-16	1.0598881103194935e-15	0.46871727893899867	1.0	1
Pf3D7_02_v3	913400	914599	1226	214.80538211880105	2201	160.02979273415298	1.3427684748989352	3.579489779316666e-23	4.935357119966918e-23	0.7447300250888492	1.0	1
Pf3D7_02_v3	916200	946999	52852	9260.10934399908	89900	6536.428153930193	1.4167036382676128	0.0	0.0	0.705863931586164	1.0	1
Pf3D7_03_v3	200	42399	8131	1424.6187292071545	100541	7310.111490815301	0.1949053401128854	1.0	1	5.130695749130421	0.0	0.0
Pf3D7_03_v3	43200	44599	907	158.9139327746758	1738	126.36609712492408	1.258230344847098	1.2668203272416481e-11	1.5578466186349997e-11	0.7947670345858028	1.0	1
Pf3D7_03_v3	46200	47399	988	173.10580549214964	1925	139.96244934722606	1.2374107857595134	4.7726249212141873e-11	5.816636622729791e-11	0.8081390686975526	1.0	1
Pf3D7_03_v3	49800	50399	829	145.247684972664	1130	82.15977546096904	1.7684361163778066	3.130126833752512e-51	4.939448702973617e-51	0.5654713736836854	1.0	1
Pf3D7_03_v3	51200	57599	6848	1199.8264736945755	10471	761.323016683015	1.5760551884741383	1.0866185087479275e-268	2.492830696539363e-268	0.6344955476896418	1.0	1
Pf3D7_03_v3	58800	79999	30013	5258.526862586929	44141	3209.393494356314	1.6384974134997434	0.0	0.0	0.6103152753009559	1.0	1
Pf3D7_03_v3	116200	122999	2392	419.09826592836225	16209	1178.5201773865906	0.3557407137913199	1.0	1	2.8110361317445585	0.0	0.0
Pf3D7_03_v3	123800	138799	27890	4886.559630744993	27925	2030.3643626084609	2.40674035671993	0.0	0.0	0.41549974313094085	1.0	1
Pf3D7_03_v3	139600	140599	148	25.930829162791643	731	53.14937686899856	0.4905113666072019	1.0	1	2.038688740113933	7.704259092820923e-68	9.144620575391791e-67
Pf3D7_03_v3	339200	339599	361	63.25019816059312	308	22.393991895556166	2.8230851625516995	3.49785313939041e-64	5.8583675279360856e-64	0.3542223994036832	1.0	1
Pf3D7_03_v3	583600	583999	187	32.76395306379755	189	13.741767754091283	2.384394638891441	7.990843191572543e-26	1.1244846346903631e-25	0.4193936623112534	1.0	1
Pf3D7_03_v3	848200	857999	1344	235.47996212697277	29527	2146.842203571711	0.10976455992161564	1.0	1	9.110408684862522	0.0	0.0
Pf3D7_03_v3	872600	872799	141	24.704371026713662	72	5.234959144415727	4.687479405223774	1.5697296800268641e-49	2.4487783008419083e-49	0.2133342706286005	1.0	1
Pf3D7_03_v3	1002800	1004799	1896	332.1949465719795	3086	224.37616555092964	1.4808279051059043	2.6466003300745798e-58	4.2752774562743216e-58	0.6752979171664671	1.0	1
Pf3D7_03_v3	1006600	1008799	2096	367.236607602779	2806	204.01799110042404	1.8002379233783263	3.545395359661997e-133	7.169577282872037e-133	0.5554821321191813	1.0	1
Pf3D7_03_v3	1009600	1010399	643	112.65894021402046	842	61.21993888330614	1.840908407250932	2.88050339639338e-45	4.393169984443535e-45	0.5432100782750627	1.0	1
Pf3D7_03_v3	1013400	1014999	801	140.34185242835207	896	65.14615824161794	2.154546212399949	3.1830817110128484e-83	5.679616386317043e-83	0.46413485783908986	1.0	1
Pf3D7_03_v3	1015800	1023399	12216	2140.3446557612347	18285	1329.461499383911	1.6099772781740884	0.0	0.0	0.6211267783444264	1.0	1
Pf3D7_03_v3	1024400	1028999	3946	691.3719721376744	3262	237.1727323483903	2.9149018843510714	0.0	0.0	0.343064720417725	1.0	1
Pf3D7_03_v3	1030800	1032199	778	136.31206140981013	1595	115.9688866019873	1.176192644184671	5.059390615925137e-06	6.0846415777425655e-06	0.8502008620307205	1.0	1
Pf3D7_03_v3	1033000	1067799	52788	9248.896012469224	98498	7161.569525092505	1.2914735084557318	0.0	0.0	0.7743093400310945	1.0	1
Pf3D7_04_v3	0	599	91	15.943955769013781	1038	75.47066099866007	0.21337629414444326	1.0	1	4.6865562269211525	0.0	0.0
Pf3D7_04_v3	2800	2999	57	9.986873393777863	245	17.813402644192404	0.5681549239012212	1.0	1	1.7600833116670458	4.780192567520035e-17	4.2096534546224825e-16
Pf3D7_04_v3	5000	17999	18619	3262.203433662281	40346	2933.467522786069	1.1120960974016023	2.358193514005532e-46	3.657879712065399e-46	0.8992028677526039	1.0	1
Pf3D7_04_v3	18800	37799	29093	5097.335221845252	51727	3760.954606433227	1.3553505476829744	0.0	0.0	0.7378165019444893	1.0	1
Pf3D7_04_v3	38800	39799	547	95.83894291923669	1330	96.70132863990162	0.9921478403750854	1.0	1	1.0079143040032683	0.3652280829614117	1
Pf3D7_04_v3	42000	64199	37778	6619.019352107721	54144	3936.689276600627	1.681380430592121	0.0	0.0	0.5947493986520567	1.0	1
Pf3D7_04_v3	65000	75399	16746	2934.0382781088438	24794	1802.7163475922714	1.627596682869282	0.0	0.0	0.6144028250519072	1.0	1
Pf3D7_04_v3	76600	90199	20709	3628.388791434136	31078	2259.6119484743326	1.6057833511055786	0.0	0.0	0.6227490148727112	1.0	1
Pf3D7_04_v3	98400	101999	4325	757.7759197910395	1493	108.55269448073169	6.977660035498132	0.0	0.0	0.14331452018479007	1.0	1
Pf3D7_04_v3	108400	116199	9718	1702.6743094865485	10783	784.0078396421499	2.1717788094869293	0.0	0.0	0.4604520477093358	1.0	1
Pf3D7_04_v3	117000	124799	8091	1417.6103970009945	7300	530.766691031039	2.6708371845031524	0.0	0.0	0.37441443671753694	1.0	1
Pf3D7_04_v3	128600	132599	2759	483.39971391987933	2791	202.9273746120041	2.3821415073360663	0.0	0.0	0.41979034281565153	1.0	1
Pf3D7_04_v3	150600	171799	37340	6542.27811445027	55335	4023.28422578117	1.6261180478927773	0.0	0.0	0.6149615037455988	1.0	1
Pf3D7_04_v3	263800	264399	269	47.13103408642535	279	20.28546668461094	2.3236976629014237	2.0676477942008383e-34	3.0024885522171743e-34	0.4303485844846857	1.0	1
Pf3D7_04_v3	329200	329599	97	16.995205599937766	406	29.519352953233128	0.5802371814543185	1.0	1	1.7234331614075113	7.6050361162640515e-25	7.689536517555875e-24
Pf3D7_04_v3	545600	569399	48421	8483.761343861717	42956	3123.2347917711386	2.7163308618906212	0.0	0.0	0.3681436654237252	1.0	1
Pf3D7_04_v3	571200	572399	1171	205.16892533533118	1500	109.06164884199433	1.8815718534747972	9.448482973833706e-86	1.754718266569117e-85	0.5314705352087657	1.0	1
Pf3D7_04_v3	582600	584799	1524	267.01745705469233	2700	196.31096791558977	1.3605645399631245	1.2954641591964687e-30	1.8712260077282325e-30	0.7349890215624046	1.0	1
Pf3D7_04_v3	597800	613999	30702	5379.245384838035	32587	2369.327967209379	2.2703718497080807	0.0	0.0	0.44045648298915335	1.0	1
Pf3D7_04_v3	934600	939199	9672	1694.6147274494647	14346	1043.0656095248337	1.6247029829719806	0.0	0.0	0.6154971157686647	1.0	1
Pf3D7_04_v3	950800	951199	433	75.86519613168096	663	48.20524878816149	1.5750543284012772	6.30242947043473e-19	8.232360025974551e-19	0.6348987345820808	1.0	1
Pf3D7_04_v3	962800	992399	56298	9863.877163559757	88052	6402.064202556856	1.540743740728224	0.0	0.0	0.6490371977934212	1.0	1
Pf3D7_04_v3	1121000	1147799	38059	6668.252885855994	44687	3249.0919345348	2.0523515513326878	0.0	0.0	0.4872459590807693	1.0	1
Pf3D7_04_v3	1148600	1149599	1458	255.45370891452848	2007	145.9244861505884	1.7509166468357857	1.1838160620819863e-85	2.1836607091106912e-85	0.5711294148737326	1.0	1
Pf3D7_04_v3	1150600	1150999	390	68.33123901005906	562	40.86176443280054	1.6735637137980912	2.9693408151739633e-21	3.973676679129862e-21	0.5975272956477629	1.0	1
Pf3D7_04_v3	1152400	1153799	2850	499.34366968889316	4278	311.0438224973678	1.605568426632173	8.671216988526998e-122	1.7030519696891154e-121	0.6228323772519566	1.0	1
Pf3D7_04_v3	1154600	1167799	24454	4284.543894235857	36615	2662.1948482330818	1.6094246774281236	0.0	0.0	0.621340044069667	1.0	1
Pf3D7_04_v3	1169400	1171199	1307	228.99725483627483	2342	170.28158772530045	1.345269648062815	7.56199271804944e-25	1.0586789805269216e-24	0.7433453965455905	1.0	1
Pf3D7_04_v3	1173000	1200399	9339	1636.2703618331834	85119	6188.81232518781	0.26441686368785694	1.0	1	3.781907046520664	0.0	0.0
Pf3D7_05_v3	23600	26399	5160	904.0748545946275	7652	556.3598246259604	1.625084822076837	7.272578254793108e-229	1.6011402125471923e-228	0.6153524950913104	1.0	1
Pf3D7_05_v3	27400	28199	535	93.7364432573887	922	67.03656015487917	1.3993842351761392	8.212448053138667e-14	1.0284395956453468e-13	0.7146000182531218	1.0	1
Pf3D7_05_v3	29600	45599	22033	3860.364587458029	34084	2478.1714927536896	1.557772149715427	0.0	0.0	0.641942404852134	1.0	1
Pf3D7_05_v3	69000	69399	96	16.819997294783768	400	29.08310635786515	0.5829096566399063	1.0	1	1.7155317099468677	3.585098338109949e-24	3.4954708796572e-23
Pf3D7_05_v3	987600	987799	119	20.84978831332571	106	7.707023184834265	2.702535184267491	2.92340238577771e-21	3.9314721739769204e-21	0.3700229346953146	1.0	1
Pf3D7_05_v3	1114800	1114999	126	22.076246449403698	98	7.125361057676963	3.0913089746642206	2.5091955434989436e-27	3.5864417977759765e-27	0.3234875608345233	1.0	1
Pf3D7_05_v3	1318400	1343399	47691	8355.859281099298	59825	4349.742094648207	1.9210092541794979	0.0	0.0	0.5205596994519011	1.0	1
Pf3D7_06_v3	0	13799	27806	4871.842133112057	36989	2689.3875526776856	1.8115223389148185	0.0	0.0	0.5520218981119736	1.0	1
Pf3D7_06_v3	14600	16199	3224	564.8715758164882	2868	208.52587258589315	2.708775789215478	0.0	0.0	0.36917045847106544	1.0	1
Pf3D7_06_v3	17600	24999	9476	1660.2738996392811	13634	991.2976802078338	1.674902869893303	0.0	0.0	0.5970495471559514	1.0	1
Pf3D7_06_v3	26400	32999	9884	1731.758888142112	14463	1051.5724181345092	1.6468807336166829	0.0	0.0	0.6072085121816436	1.0	1
Pf3D7_06_v3	34400	41199	9209	1613.493282163164	13803	1003.5852926440318	1.6077872042162205	0.0	0.0	0.6219728564685832	1.0	1
Pf3D7_06_v3	44400	44599	142	24.87957933186766	207	15.050507540195216	1.6567103707723112	1.1414446299060914e-08	1.3849528176193909e-08	0.6036058068096891	1.0	1
Pf3D7_06_v3	45800	48999	2276	398.7741025304985	2001	145.48823955522042	2.7407716023965505	0.0	0.0	0.3648607564109292	1.0	1
Pf3D7_06_v3	50000	50399	351	61.498115109053145	509	37.008252840383406	1.6632072741871045	6.109546778829702e-19	8.018780147213984e-19	0.6012479716268387	1.0	1
Pf3D7_06_v3	51400	58199	5127	898.2929805245457	9297	675.9640995226808	1.3290225904019104	1.464331731362483e-84	2.6650837510797188e-84	0.7524326578208046	1.0	1
Pf3D7_06_v3	59400	66799	958	167.8495563375297	10076	732.6034491546231	0.22933019323148435	1.0	1	4.360524821913034	0.0	0.0
Pf3D7_06_v3	68600	73399	605	106.00102461816854	8180	594.7495250183424	0.17850078068927258	1.0	1	5.602216394452427	0.0	0.0
Pf3D7_06_v3	723200	723999	311	54.48978290289325	763	55.47602537762778	0.9840906914440001	1.0	1	1.0161665064961192	0.3021485706742148	1
Pf3D7_06_v3	725400	736399	21070	3691.638989594729	30942	2249.723692312659	1.6409547982968506	0.0	0.0	0.6094013077251741	1.0	1
Pf3D7_06_v3	738200	745399	11322	1983.7084309535608	10843	788.3703055958296	2.51620422229367	0.0	0.0	0.39742402112672737	1.0	1
Pf3D7_06_v3	1302400	1309999	1415	247.91975179290662	8152	592.7137075732918	0.418523356268384	1.0	1	2.3893529119047203	0.0	0.0
Pf3D7_06_v3	1311000	1316399	3572	625.8440660100795	8066	586.4608397063508	1.06732049174878	5.805336688390143e-05	6.890682243176126e-05	0.9369257010717775	1.0	1
Pf3D7_06_v3	1318000	1318999	1099	192.55392736424335	1404	102.08170331610668	1.8866452620894647	3.148753880246736e-81	5.545869737466832e-81	0.5300413491047582	1.0	1
Pf3D7_06_v3	1321200	1321799	543	95.1381096986207	673	48.93232644710812	1.9449699308338544	9.790598697351138e-45	1.484907469098256e-44	0.5141467660486023	1.0	1
Pf3D7_06_v3	1325000	1325399	206	36.0929108617235	243	17.66798711240308	2.0443460312957877	1.5127949519133e-20	2.0048204945258784e-20	0.4891539811223446	1.0	1
Pf3D7_06_v3	1328800	1343999	23418	4103.028090096315	34811	2531.0300385591095	1.6211128941166266	0.0	0.0	0.6168601851414659	1.0	1
Pf3D7_06_v3	1344800	1352999	10981	1923.9623988960475	14224	1034.1952620856848	1.8603859573040058	0.0	0.0	0.5375228704957322	1.0	1
Pf3D7_06_v3	1353800	1370199	33708	5905.921550130951	21314	1549.6933222788446	3.8109602636377344	0.0	0.0	0.2624010566422056	1.0	1
Pf3D7_06_v3	1371000	1373399	2275	398.5988942253445	1714	124.62111074345216	3.1980262317542794	0.0	0.0	0.3126928697678159	1.0	1
Pf3D7_06_v3	1374800	1376399	1119	196.05809346732332	1790	130.14690095144655	1.5069412641104418	4.146157756359648e-38	6.18525173489718e-38	0.6635958705333529	1.0	1
Pf3D7_06_v3	1377200	1411999	35693	6253.710035861635	90747	6598.011631642972	0.9478334805170261	1.0	1	1.0550376416905194	5.99810284314584e-58	6.822841984078394e-57
Pf3D7_06_v3	1416400	1417999	312	54.66499120804725	2054	149.34175114763755	0.3670340870085262	1.0	1	2.724542584451482	0.0	0.0
Pf3D7_07_v3	200	31399	56921	9973.031937670696	93761	6817.1528380494865	1.4629422305233406	0.0	0.0	0.6835539908108802	1	1
Pf3D7_07_v3	34200	46799	20537	3598.2529629476485	30383	2209.0800511775424	1.6288724972436082	0.0	0.0	0.6139215940426329	1	1
Pf3D7_07_v3	47600	50999	4587	803.680495741387	6515	473.6910948037287	1.6967436087065937	5.765553289405458e-238	1.2901606950882706e-237	0.5893642356267882	1	1
Pf3D7_07_v3	53400	53799	386	67.63040578944306	191	13.88718328588061	4.857173587037003	3.526612779044031e-135	7.238836756985116e-135	0.20588105038470014	1	1
Pf3D7_07_v3	54600	57199	3014	528.0778317341487	2822	205.18131535473864	2.5736549861867224	0.0	0.0	0.3885524692964609	1	1
Pf3D7_07_v3	58800	61599	3042	532.9836642784607	4671	339.6179744939703	1.5695422348256984	1.0340919131440786e-118	2.016479230630953e-118	0.6371284428106215	1	1
Pf3D7_07_v3	69400	69599	147	25.755620857637645	150	10.906164884199432	2.361884502100441	2.097691440077964e-20	2.766520594885431e-20	0.42339072850966786	1	1
Pf3D7_07_v3	71000	72599	2500	438.020762884994	3600	261.74795722078636	1.673649294307763	9.487643201603227e-125	1.890603353312176e-124	0.5974967416418081	1	1
Pf3D7_07_v3	73400	83199	14150	2479.1975179290657	21670	1575.5772869373448	1.573555506977417	0.0	0.0	0.6355034795822755	1	1
Pf3D7_07_v3	507200	610399	201574	35317.43890311191	275347	20019.865215797738	1.7641220590323579	0.0	0.0	0.5668542008643733	1	1
Pf3D7_07_v3	1379000	1386999	9551	1673.414522525831	18397	1337.6047691641131	1.2511160273640112	3.251014989200118e-99	6.2501907890960015e-99	0.7992863796229275	1	1
Pf3D7_07_v3	1387800	1389399	1785	312.7468246998857	2625	190.85788547349006	1.6389308161458687	2.7955881026859095e-83	5.0210233686398244e-83	0.6101538821215243	1	1
Pf3D7_07_v3	1391000	1412399	35431	6207.805459911288	52432	3812.213581388964	1.6284140794663882	0.0	0.0	0.6140944202150893	1	1
Pf3D7_07_v3	1413200	1432399	36941	6472.370000693825	46551	3384.619210162452	1.912299661518559	0.0	0.0	0.5229305950961154	1	1
Pf3D7_07_v3	1434200	1445199	18127	3176.000947526514	32514	2364.020300299069	1.3435072753044535	1.597345911e-314	3.7592709803e-314	0.7443204948580492	1	1
Pf3D7_08_v3	0	26399	22846	4002.8089395482293	83760	6090.002471336963	0.65729634366239	1.0	1	1.5213837862357475	0.0	0.0
Pf3D7_08_v3	27400	50999	41208	7219.983838785933	64128	4662.603611292941	1.5485010223803142	0.0	0.0	0.645785818379911	1.0	1
Pf3D7_08_v3	52600	53799	2608	456.9432598416257	3755	273.0176609344591	1.6738725364875437	4.268012128969103e-130	8.56740670006298e-130	0.5974170542868225	1.0	1
Pf3D7_08_v3	54800	61799	7819	1369.953737999107	11712	851.5533541582917	1.6088386764591913	0.0	0.0	0.6215663600286186	1.0	1
Pf3D7_08_v3	65800	71799	2162	378.8003557429428	9522	692.32334684898	0.5473392887238375	1.0	1	1.8270203155552287	0.0	0.0
Pf3D7_08_v3	76000	85599	11212	1964.435517386621	4220	306.8267720754773	6.401479489985545	0.0	0.0	0.15621388798705005	1.0	1
Pf3D7_08_v3	92600	92999	243	42.57561815242141	201	14.614260944827238	2.910799859358732	3.849994053157867e-46	5.938126420972304e-46	0.343548182052031	1.0	1
Pf3D7_08_v3	165400	165999	146	25.580412552483647	569	41.37071879406317	0.6214645601365991	1.0	1	1.6091022145819516	8.842973572913604e-27	9.285122251559284e-26
Pf3D7_08_v3	427000	464399	76552	13412.546176148824	93212	6777.236274573316	1.9790629908427948	0.0	0.0	0.5052896267713766	1.0	1
Pf3D7_08_v3	465200	466399	1277	223.7410056816549	2417	175.73467016740017	1.273645148565765	4.538433139199211e-17	5.872001170622675e-17	0.7851480462404201	1.0	1
Pf3D7_08_v3	1220600	1220999	286	50.10957527404331	178	12.941982329249992	3.8636942725172436	7.85434315291584e-79	1.3745100517602718e-78	0.25881965017601866	1.0	1
Pf3D7_08_v3	1259400	1259599	172	30.135828486487586	174	12.651151265671341	2.3822204188559777	6.90200618676105e-24	9.613508617274319e-24	0.4197764371779811	1.0	1
Pf3D7_08_v3	1380800	1422599	64327	11270.624645641203	87598	6369.054876840679	1.769598693734216	0.0	0.0	0.5650998746443437	1.0	1
Pf3D7_08_v3	1423400	1430599	10096	1768.9030488347596	12859	934.9491616394699	1.8920180532942767	0.0	0.0	0.5285361829707995	1.0	1
Pf3D7_08_v3	1432400	1434599	3430	600.9644866782116	1824	132.61896499186508	4.530349813893738	0.0	0.0	0.22073350647960704	1.0	1
Pf3D7_08_v3	1435600	1472799	63873	11191.080075101287	103356	7514.7838518087765	1.489217418148544	0.0	0.0	0.6714936233040042	1.0	1
Pf3D7_09_v3	0	25599	48475	8493.222592340033	79439	5775.832214906125	1.4704878134863784	0.0	0.0	0.6800464382150171	1.0	1
Pf3D7_09_v3	26400	27999	1149	201.31434262194324	1868	135.81810669123027	1.4827312039598486	2.2278759599098373e-36	3.287622362461544e-36	0.6744310751195868	1.0	1
Pf3D7_09_v3	29600	32599	2209	387.03514608518066	2033	147.81488806384962	2.6182747255970735	0.0	0.0	0.38193089144683207	1.0	1
Pf3D7_09_v3	33400	37799	8257	1446.694975656558	10635	773.2470902897397	1.8709855710400691	0.0	0.0	0.534477665396482	1.0	1
Pf3D7_09_v3	38600	47399	10276	1800.4405437624791	15266	1109.9567541479234	1.6221332981227048	0.0	0.0	0.6164721488408507	1.0	1
Pf3D7_09_v3	48200	51599	5620	984.6706749654666	7912	575.2638437585726	1.7117735361347677	6.930576257960191e-300	1.6171344601907114e-299	0.5841894262824204	1.0	1
Pf3D7_09_v3	52600	78999	38450	6736.759333171207	56170	4083.995210303214	1.6495647664599788	0.0	0.0	0.6062205136364748	1.0	1
Pf3D7_09_v3	1380600	1393399	13109	2296.8056722637543	7964	579.0446475850952	3.966347855654854	0.0	0.0	0.2521211039456088	1.0	1
Pf3D7_09_v3	1447200	1482199	49676	8703.647766829983	65520	4763.812821418312	1.827042845974015	0.0	0.0	0.5473325391375209	1.0	1
Pf3D7_09_v3	1483600	1489999	8683	1521.333713652161	12080	878.3098120075276	1.7321712212007436	0.0	0.0	0.5773101341025622	1.0	1
Pf3D7_09_v3	1490800	1491199	320	56.06665764927923	145	10.542626054726117	5.298172144636731	2.045926541834248e-122	4.0473764197155773e-122	0.18874433912312316	1.0	1
Pf3D7_09_v3	1492200	1494599	3597	630.2242736389293	1539	111.89725171188617	5.630076896376647	0.0	0.0	0.17761746747074994	1.0	1
Pf3D7_09_v3	1495400	1541599	42225	7398.1706851275485	116307	8456.422127910555	0.8748714493646226	1.0	1	1.1430250703989167	0.0	0.0
Pf3D7_10_v3	0	61399	85473	14975.579466427635	159334	11584.819171060217	1.2926969739013459	0.0	0.0	0.7735764995117228	1.0	1
Pf3D7_10_v3	66800	66999	116	20.32416339786372	215	15.63216966735252	1.3052869587903058	0.0027700352887159423	0.0032595673871528112	0.7661150624892208	1.0	1
Pf3D7_10_v3	68000	68199	118	20.674580008171716	334	24.284393808817402	0.8560044900815416	1.0	1	1.1682181712677018	0.0018540978120488005	0.01368023520781953
Pf3D7_10_v3	1429000	1438199	13844	2425.5837765519427	20546	1493.8537580717434	1.6237472461517601	0.0	0.0	0.6158593970643983	1.0	1
Pf3D7_10_v3	1575000	1577799	2093	366.71098268731697	3109	226.0484441665069	1.6225204402910116	1.0561648862451937e-93	2.0163147828317335e-93	0.6163250552459247	1.0	1
Pf3D7_10_v3	1578800	1579999	1177	206.22017516625516	1655	120.33135255566707	1.7141895623801342	5.537334415641436e-65	9.331433922655012e-65	0.5833660535253234	1.0	1
Pf3D7_10_v3	1581000	1584999	4057	710.8200940097682	7602	552.7244363312273	1.2861775968039484	9.629932869057427e-54	1.537410335235484e-53	0.777497604129416	1.0	1
Pf3D7_10_v3	1589600	1594599	3634	636.7069809296272	4852	352.7780801209043	1.8049617886615144	6.344105078949414e-231	1.4080818589863333e-230	0.5540283491217611	1.0	1
Pf3D7_10_v3	1598200	1598399	169	29.610203571025593	200	14.541553178932576	2.038105928765575	4.1731051041528534e-17	5.425036635398709e-17	0.4906516319324348	1.0	1
Pf3D7_10_v3	1599600	1600799	1785	312.7468246998857	2563	186.35000398802097	1.6785617485175706	1.1606744648480205e-90	2.1852698545069627e-90	0.5957481164354868	1.0	1
Pf3D7_10_v3	1602400	1637399	64898	11370.668587884136	97671	7101.440202697618	1.6011861049263543	0.0	0.0	0.6245370209767056	1.0	1
Pf3D7_10_v3	1638200	1638599	438	76.74123765745095	476	34.60889656585953	2.217788001582755	1.4054741830967777e-49	2.2051405286518408e-49	0.45089972499009656	1.0	1
Pf3D7_10_v3	1639400	1666999	28973	5076.310225226772	58284	4237.699427404531	1.197913731934945	5.750733719430078e-196	1.2459923058765169e-195	0.8347846538036905	1.0	1
Pf3D7_10_v3	1669000	1687599	11360	1990.3663465494128	41570	3022.461828241136	0.6585670175614285	1.0	1	1.518448348207362	0.0	0.0
Pf3D7_11_v3	0	31399	6648	1164.784812663776	88852	6460.2304152725865	0.1803259071257036	1.0	1	5.545514873261715	0.0	0.0
Pf3D7_11_v3	32600	50399	22953	4021.5562281997063	41611	3025.442846642817	1.3292714461984787	0.0	0.0	0.7522917932675476	1.0	1
Pf3D7_11_v3	52000	62199	11598	2032.0659231760642	13082	951.1629934339798	2.136422265183886	0.0	0.0	0.46807226094600174	1.0	1
Pf3D7_11_v3	64600	64999	200	35.041661030799524	232	16.86820168756179	2.078806302147387	8.993737317140684e-21	1.1977025793070278e-20	0.481045299394662	1.0	1
Pf3D7_11_v3	66600	76999	14744	2583.2712511905406	22088	1605.9691330813137	1.60857979772986	0.0	0.0	0.6216663925602384	1.0	1
Pf3D7_11_v3	78200	79599	874	153.1320587045939	1201	87.32202683949012	1.7541934042362999	1.4796169801419242e-52	2.3484618347601473e-52	0.5700625698312649	1.0	1
Pf3D7_11_v3	82600	82799	195	34.16561950502953	351	25.52042582902667	1.3417984821131115	4.146430251054013e-05	4.943124273090592e-05	0.745268394122167	1.0	1
Pf3D7_11_v3	83800	84199	443	77.61727918322093	558	40.57093336922188	1.9140137378381035	2.1305746031649193e-35	3.1104110516792675e-35	0.5224622897061906	1.0	1
Pf3D7_11_v3	85000	86799	1195	209.3739246590271	1731	125.85714276366143	1.6640147834924914	1.2744767313681748e-59	2.095976793153685e-59	0.6009561993801315	1.0	1
Pf3D7_11_v3	88400	88799	401	70.25853036675304	582	42.315919750693794	1.661618759520896	2.73373793214959e-21	3.694606215231872e-21	0.6018227672684291	1.0	1
Pf3D7_11_v3	93400	100399	6340	1110.8206546763447	12092	879.1823051982635	1.2635650028722523	3.348651058946855e-72	5.713635869328072e-72	0.7914115995036791	1.0	1
Pf3D7_11_v3	101400	102599	1289	225.8435053435029	1719	124.9846495729255	1.8073204044788849	8.503022875935074e-84	1.5373014868412416e-83	0.5533053229088816	1.0	1
Pf3D7_11_v3	103400	110799	4251	744.8105052096437	6304	458.3497561999548	1.6251073454600515	5.387701513723195e-189	1.1490957134737752e-188	0.61534396653466	1.0	1
Pf3D7_11_v3	133800	133999	123	21.550621533941705	108	7.852438716623591	2.7413789621453426	2.136012234938998e-22	2.915656700691732e-22	0.3647799205467829	1.0	1
Pf3D7_11_v3	373000	373199	128	22.426663059711693	147	10.688041586515444	2.1003993889889743	2.4681786212528344e-14	3.119503535194555e-14	0.4760999290146191	1.0	1
Pf3D7_11_v3	1149400	1149799	192	33.639994589567536	214	15.559461901457855	2.163180391097208	8.121513690203118e-22	1.1030712624007218e-21	0.4622822969899335	1.0	1
Pf3D7_11_v3	1197400	1198599	442	77.44207087806693	760	55.25790207994379	1.4027909578346842	7.281009773954025e-12	8.994188544296149e-12	0.7128645892782036	1.0	1
Pf3D7_11_v3	1873600	1880599	753	131.93185378096018	8734	635.0296273239856	0.20800909520733893	1.0	1	4.8074820911230915	0.0	0.0
Pf3D7_11_v3	1989800	1998399	12796	2241.965472750553	19533	1420.20079122045	1.5786682513304182	0.0	0.0	0.6334453100942854	1.0	1
Pf3D7_11_v3	2001800	2022999	37973	6653.184971612751	57215	4159.9748256631365	1.599347153236418	0.0	0.0	0.6252551223644053	1.0	1
Pf3D7_11_v3	2024800	2037999	28241	4948.057745854046	43186	3139.957577926911	1.575855168246391	0.0	0.0	0.6345760829739184	1.0	1
Pf3D7_12_v3	0	21999	40973	7178.809887074743	67836	4932.204007230351	1.4555114220482988	0.0	0.0	0.6870437324309893	1.0	1
Pf3D7_12_v3	23000	24399	943	165.22143176021973	1766	128.40191456997465	1.2873876339015788	4.563124252201056e-14	5.740704704381973e-14	0.776766821170546	1.0	1
Pf3D7_12_v3	26400	27399	607	106.35144122847653	1278	92.92052481337916	1.1455312024218527	0.0005175815677197648	0.0006116873073051765	0.8729574523031984	1.0	1
Pf3D7_12_v3	30000	41999	20303	3557.254219541613	33475	2433.89246332384	1.4615777867741777	0.0	0.0	0.6841921169362338	1.0	1
Pf3D7_12_v3	43800	63799	29531	5174.076459502703	57845	4205.780718176774	1.2302501166331392	5.836324773093072e-260	1.3277638858786738e-259	0.8128428410449808	1.0	1
Pf3D7_12_v3	553800	554199	210	36.793744082339494	134	9.742840629884824	3.7663664725436514	7.17342756621342e-57	1.1519680738683905e-56	0.26550788599300595	1.0	1
Pf3D7_12_v3	586800	586999	59	10.337290004085858	254	18.46777253724437	0.5670024798365129	1.0	1	1.7636607167720602	1.1186845785102475e-17	1.053106517011371e-16
Pf3D7_12_v3	763200	785399	46565	8158.574729495897	65491	4761.7042962073665	1.7133834555867131	0.0	0.0	0.5836405135927792	1.0	1
Pf3D7_12_v3	887800	888199	346	60.62207358328317	243	17.66798711240308	3.426995521061055	1.4161886385960016e-81	2.510516222965639e-81	0.2918007898914275	1.0	1
Pf3D7_12_v3	903600	915599	23004	4030.4918517625606	29769	2164.4374829182193	1.86216127667839	0.0	0.0	0.5370104150075224	1.0	1
Pf3D7_12_v3	1058000	1058399	118	20.674580008171716	428	31.11892380291571	0.6684417346790592	1.0	1	1.4960167029069973	8.93313426648752e-16	7.621080171097165e-15
Pf3D7_12_v3	1688600	1743399	106868	18724.161155197413	143009	10397.864892829844	1.8007740652751922	0.0	0.0	0.5553167492153886	1.0	1
Pf3D7_12_v3	1745200	1745399	102	17.871247125707754	249	18.104233707771055	0.9928213421937341	1.0	1	1.0072305635477214	0.4027238100140776	1
Pf3D7_12_v3	2162200	2169399	8302	1454.5793493884878	2601	189.11289909201813	7.689562551057229	0.0	0.0	0.130046409449197	1.0	1
Pf3D7_12_v3	2183200	2196399	18718	3279.549055872527	25081	1823.5834764040396	1.798433439727839	0.0	0.0	0.5560394829798829	1.0	1
Pf3D7_12_v3	2197200	2197599	284	49.75915866373532	453	32.93661795028228	1.512735140312723	2.8885441308175154e-11	3.5361997655299626e-11	0.6610542542121902	1.0	1
Pf3D7_12_v3	2199200	2202799	5170	905.8269376461675	7586	551.5611120769127	1.6423977525698017	1.5180139672323165e-238	3.424940603755557e-238	0.6088659086602715	1.0	1
Pf3D7_12_v3	2203600	2230399	41470	7265.88841473628	62646	4554.85070223705	1.5952109330937654	0.0	0.0	0.6268763454752605	1.0	1
Pf3D7_12_v3	2231200	2236599	5983	1048.2712897363676	8793	639.3193855117706	1.6397551816240843	5.06105538958435e-274	1.1709051875902777e-273	0.6098471352348811	1.0	1
Pf3D7_12_v3	2238000	2271399	56482	9896.115491708091	90645	6590.595439521717	1.501561067687206	0.0	0.0	0.6659735801090393	1.0	1
Pf3D7_13_v3	0	599	319	55.891449344125235	1806	131.31022520576118	0.4267423201868608	1.0	1	2.3433344964758183	2.4433795975883115e-222	3.032011955189132e-221
Pf3D7_13_v3	24000	26599	3813	668.0692675521929	6232	453.11479705553904	1.4745430285432306	1.0599868731607837e-112	2.0523150097368364e-112	0.6781762082507327	1.0	1
Pf3D7_13_v3	27400	28799	1000	175.20830515399757	1486	108.04374011946905	1.6221723603527136	6.796862304296093e-46	1.042440117456648e-45	0.6164573040700602	1.0	1
Pf3D7_13_v3	30000	31999	2311	404.9063932108884	2053	149.26904338174288	2.712447111428226	0.0	0.0	0.36867078284651045	1.0	1
Pf3D7_13_v3	32800	46799	28387	4973.63815840653	40711	2960.0058573376205	1.68029775471103	0.0	0.0	0.5951326169402491	1.0	1
Pf3D7_13_v3	47800	59199	18727	3281.1259306189127	25179	1830.7088374617167	1.7922952891226134	0.0	0.0	0.5579437752634681	1.0	1
Pf3D7_13_v3	60000	61199	1301	227.94600500535088	1907	138.6537095611221	1.644396342859195	4.762766441557545e-62	7.928263649665915e-62	0.6081258963768124	1.0	1
Pf3D7_13_v3	62400	66599	4681	820.1500764258627	7235	526.040686247886	1.5592176402745788	1.5588258556203183e-176	3.298910531661604e-176	0.6413472847984837	1.0	1
Pf3D7_13_v3	69000	71999	2590	453.78951034885375	3494	254.04093403595212	1.7864633926580031	3.703399845619942e-160	7.777139675801879e-160	0.559765178570014	1.0	1
Pf3D7_13_v3	73000	80399	10219	1790.4536703687013	6326	459.9493270496374	3.8924850184445927	0.0	0.0	0.2569052919308582	1.0	1
Pf3D7_13_v3	83600	91999	10775	1887.869488034324	3049	221.6859782128271	8.513960515263154	0.0	0.0	0.11745415053397057	1.0	1
Pf3D7_13_v3	104000	109999	6842	1198.7752238636515	3495	254.1136418018468	4.7168167535656025	0.0	0.0	0.21200738808520936	1.0	1
Pf3D7_13_v3	962000	962399	186	32.58874475864355	261	18.976726898507014	1.7199435910307963	4.53552971862272e-12	5.628180059927285e-12	0.5814144168534505	1.0	1
Pf3D7_13_v3	1632600	1632799	125	21.901038144249696	145	10.542626054726117	2.079656355838717	9.383616983516396e-14	1.1697385554794412e-13	0.48084867348033766	1.0	1
Pf3D7_13_v3	2829800	2841399	15949	2794.3972589011078	18925	1375.994469556495	2.0308401459324537	0.0	0.0	0.4924070474000075	1.0	1
Pf3D7_13_v3	2846200	2846599	324	56.76749086989522	225	16.359247326299148	3.465363607407891	1.1026083597618945e-77	1.917274409012721e-77	0.2885700068709398	1.0	1
Pf3D7_13_v3	2849800	2851199	896	156.98664141798184	198	14.39613764714325	10.862086451038927	0.0	0.0	0.09206334386192931	1.0	1
Pf3D7_13_v3	2852600	2864999	19835	3475.2567327295424	27929	2030.6551936720396	1.711421770771842	0.0	0.0	0.5843095004856724	1.0	1
Pf3D7_13_v3	2865800	2867599	1259	220.58725618888298	1768	128.54733010176398	1.716392470053435	1.1994196640563688e-69	2.0337985607912342e-69	0.5826173310867926	1.0	1
Pf3D7_13_v3	2868600	2879999	17317	3034.0822203517764	25960	1887.4936026254484	1.6074971310691848	0.0	0.0	0.6220850915826369	1.0	1
Pf3D7_13_v3	2881000	2883799	3797	665.2659346697288	3340	242.843938088174	2.7393805831430926	0.0	0.0	0.3650460276142523	1.0	1
Pf3D7_13_v3	2884600	2925199	78795	13805.538404609239	111350	8096.009732370712	1.7052338232713757	0.0	0.0	0.5864298410886359	1.0	1
Pf3D7_14_v3	0	5599	8488	1487.1680941471316	10496	763.1407108303815	1.9487908181539175	0.0	0.0	0.5131387066710918	1.0	1
Pf3D7_14_v3	6400	12399	8260	1447.22060057202	10870	790.3334152749854	1.8312052079109642	0.0	0.0	0.5460884425622611	1.0	1
Pf3D7_14_v3	13200	30399	29732	5209.293328838657	44697	3249.8190121937464	1.6029668019857917	0.0	0.0	0.6238432379018563	1.0	1
Pf3D7_14_v3	31200	33599	2202	385.8086879491027	2977	216.4510190684114	1.7826401840461086	1.2534466780240901e-135	2.5923556295498228e-135	0.5609657007339932	1.0	1
Pf3D7_14_v3	34600	42599	12452	2181.693815777578	18258	1327.4983897047548	1.6435044633313656	0.0	0.0	0.6084559076724446	1.0	1
Pf3D7_14_v3	53400	53799	105	18.396872041169747	397	28.86498306018116	0.641795520518465	1.0	1	1.5581286687575582	2.5223807612977163e-17	2.2953664927809218e-16
Pf3D7_14_v3	227800	227999	199	34.86645272564552	118	8.57951637557022	4.050017713117949	8.69859823138909e-59	1.4135222126007274e-58	0.24691250034808843	1.0	1
Pf3D7_14_v3	1001000	1001199	130	22.777079670019685	103	7.488899887150277	3.035371448547871	2.0958018469447474e-27	3.0113363379785054e-27	0.3294489708923112	1.0	1
Pf3D7_14_v3	1259400	1259599	122	21.375413228787707	94	6.83452999409831	3.1200057508898644	7.076990961552517e-27	1.001045871763646e-26	0.3205122297338034	1.0	1
Pf3D7_14_v3	1373000	1373199	73	12.790206276241824	239	17.37715604882443	0.7430094996190971	1.0	1	1.3458778124810635	2.6346676844694566e-06	2.115483170176946e-05
Pf3D7_14_v3	1729000	1729399	188	32.939161368951545	246	17.88611041008707	1.8439058377679312	9.624942189150199e-15	1.2221438221572113e-14	0.5423270426924356	1.0	1
Pf3D7_14_v3	1948800	1948999	116	20.32416339786372	181	13.16010562693398	1.5491317752676157	4.653344110169613e-06	5.621074964939401e-06	0.6455228767270286	1.0	1
Pf3D7_14_v3	2547200	2552399	567	99.34310902231664	7736	562.467276961112	0.17690887764318758	1.0	1	5.652627574840691	0.0	0.0
Pf3D7_14_v3	2915600	2915799	146	25.580412552483647	90	6.543698930519659	3.8926901019545213	6.194834661565362e-42	9.343590401145546e-42	0.2568917570648379	1.0	1
Pf3D7_14_v3	3087800	3112799	46368	8124.05869338056	12200	887.0347439148871	9.158117076226693	0.0	0.0	0.1091927512693491	1.0	1
Pf3D7_14_v3	3123400	3123599	229	40.122701880265446	108	7.852438716623591	5.0848158168824895	3.7424771112320584e-85	6.857021821250684e-85	0.1966639571643525	1.0	1
Pf3D7_14_v3	3147400	3154799	11358	1990.0159299391048	17553	1276.2394147490174	1.559329495611686	0.0	0.0	0.6413012790524589	1.0	1
Pf3D7_14_v3	3162600	3185599	30206	5292.342065481651	42152	3064.77774799183	1.7268435606194474	0.0	0.0	0.5790912522737632	1.0	1
Pf3D7_14_v3	3193400	3197199	3647	638.9846888966292	6599	479.79854713888034	1.331940370815954	1.1891771681342293e-61	1.9675476781857247e-61	0.7507843608549791	1.0	1
Pf3D7_14_v3	3198200	3217399	27980	4902.328378208852	20901	1519.665014964349	3.2258879365753628	0.0	0.0	0.30999216949290886	1.0	1
Pf3D7_14_v3	3219800	3229599	13884	2432.5921087581028	21138	1536.896755481384	1.582833865757719	0.0	0.0	0.6317782438407012	1.0	1
Pf3D7_14_v3	3235200	3243399	10324	1808.850542409871	16051	1167.032350375234	1.5500110620686507	0.0	0.0	0.6451566859564191	1.0	1
Pf3D7_14_v3	3246800	3255999	14266	2499.5216813269294	22281	1620.0017318989835	1.5429518721060498	0.0	0.0	0.6481083552107504	1.0	1
Pf3D7_14_v3	3256800	3260999	2974	521.0694995279888	4402	320.05958546830595	1.628216580611608	6.666044830594244e-134	1.3580822677255438e-133	0.6141689084288586	1.0	1
Pf3D7_14_v3	3262000	3262199	230	40.29791018541944	306	22.24857636376684	1.8132074416270245	8.046753321116314e-17	1.0362092720116763e-16	0.5515088770552814	1.0	1
Pf3D7_14_v3	3264800	3291799	38543	6753.053705550528	48990	3561.9534511795346	1.8958953731701507	0.0	0.0	0.5274552668631114	1.0	1
