Pf3D7_01_v3	0	34799	34560	6055.199026122156	59595	4117.547891237869	1.4706016268213458	0.0	0.0	0.6799938078141972	1.0	1	
Pf3D7_01_v3	39000	39999	1362	238.6337116197447	2437	168.37761911144705	1.4177119761359422	1.9249362943142543e-34	3.0578987989677863e-34	0.7053618907315427	1.0	1	
Pf3D7_01_v3	41400	51599	13367	2342.0094149934857	18577	1283.5252483518063	1.8247078141103994	0.0	0.0	0.5480329465720684	1.0	1	
Pf3D7_01_v3	52400	57399	4066	712.3969687561543	6888	475.90686928175927	1.4970759760375496	8.533780363970907e-129	1.8534304227999314e-128	0.6679687711286325	1.0	1	
Pf3D7_01_v3	58400	68599	18180	3185.286987699676	27644	1909.9839567980478	1.6677349342340468	0.0	0.0	0.5996156700160973	1.0	1	
Pf3D7_01_v3	70200	77599	3846	673.8511416222747	6992	483.09245499681487	1.3950330978931282	1.4913952015693245e-85	2.839779904358029e-85	0.716828870591147	1.0	1	
Pf3D7_01_v3	78400	78799	394	69.03207223067506	501	34.61517733887361	1.9953506738105156	3.1363971469305103e-35	5.011025326705068e-35	0.5011650398725668	1.0	1	
Pf3D7_01_v3	79800	79999	372	65.1774895172871	692	47.81178187325455	1.3649019389859673	5.3410209784063895e-09	7.003791660363095e-09	0.7326533661040399	1.0	1	
Pf3D7_01_v3	80800	84999	4470	783.1811240383691	6494	448.68455416895245	1.745626667847174	4.39469622504323e-255	1.0716890794403666e-254	0.5728601759007659	1.0	1	
Pf3D7_01_v3	85800	86199	365	63.95103138120913	448	30.95329231100873	2.0670957683772864	1.1315859835018376e-35	1.8183867249335886e-35	0.4837705225360801	1.0	1	
Pf3D7_01_v3	87000	95999	14367	2517.2177201474833	22888	1581.3815946749282	1.5918251194252684	0.0	0.0	0.6282097121077295	1.0	1	
Pf3D7_01_v3	412200	412599	214	37.494577302955484	191	13.196604534380954	2.839638689667312	2.20539601499489e-39	3.6278111962637834e-39	0.35215747821676513	1.0	1	
Pf3D7_01_v3	521400	535999	25275	4428.389912767289	38398	2653.0011566029316	1.6692227139933935	0.0	0.0	0.5990812320110556	1.0	1	
Pf3D7_01_v3	543000	582799	55844	9784.33259301984	92634	6400.284107004426	1.5287449765407588	0.0	0.0	0.6541313399850366	1.0	1	
Pf3D7_01_v3	587800	601999	20540	3598.7785878631107	32038	2213.5749532591467	1.6258051079165292	0.0	0.0	0.6150798734305251	1.0	1	
Pf3D7_01_v3	602800	605599	3931	688.7438475603644	4387	303.10735126873954	2.27233701949524	0.0	0.0	0.4400755660012671	1.0	1	
Pf3D7_01_v3	607200	621399	25675	4498.473234828888	33252	2297.4528480483536	1.958043735898268	0.0	0.0	0.5107138219980781	1.0	1	
Pf3D7_02_v3	51600	72399	34023	5961.11216625446	53744	3713.2896025956547	1.605362655366985	0.0	0.0	0.6229122103076458	1.0	1	
Pf3D7_02_v3	835400	853999	27410	4802.4596442710745	29289	2023.6405770025326	2.373183725775822	0.0	0.0	0.4213748767694284	1.0	1	
Pf3D7_02_v3	855200	870999	17267	3025.3218050940764	36460	2519.1005304896835	1.2009897968698797	6.1451492941415e-121	1.3040851173827e-120	0.832646540883431	1.0	1	
Pf3D7_02_v3	872200	875999	3159	553.4830359814783	5084	351.26459399367945	1.575875773062543	3.371002238278063e-125	7.26464048249071e-125	0.6345677857948212	1.0	1	
Pf3D7_02_v3	877800	878999	1343	235.30475382181876	2286	157.94470139054903	1.4902494068420507	3.8994479009672755e-43	6.530400701619895e-43	0.6710286180345304	1.0	1	
Pf3D7_02_v3	879800	881599	926	162.24289057260177	1841	127.1986855905515	1.2761918353199173	4.68290744517085e-13	6.289122076123169e-13	0.7835812550464396	1.0	1	
Pf3D7_02_v3	884000	885799	1357	237.75767009397472	2215	153.03915729661685	1.554017365017833	4.4253840950658785e-52	7.737464015272417e-52	0.6434934528473076	1.0	1	
Pf3D7_02_v3	886600	887399	1324	231.97579602389283	1773	122.50041800763054	1.8940355068072787	1.974657526861305e-98	3.865878820193259e-98	0.5279732066299387	1.0	1	
Pf3D7_02_v3	889200	900599	16997	2978.015562702497	25580	1767.377717222329	1.685024270705506	0.0	0.0	0.5934632618563458	1.0	1	
Pf3D7_02_v3	901600	910399	11538	2021.5534248668241	16829	1162.7521346026024	1.7386409764660709	0.0	0.0	0.575161872713124	1.0	1	
Pf3D7_02_v3	911600	911799	138	24.178746111251666	153	10.571102061572178	2.288863707334377	3.5962096249915886e-18	5.126903978193137e-18	0.43689801048250504	1.0	1	
Pf3D7_02_v3	913400	914599	1226	214.80538211880105	1930	133.34788875055102	1.611343540680414	2.1145465559282935e-54	3.744228933427169e-54	0.6206001232845325	1.0	1	
Pf3D7_02_v3	916200	946999	52852	9260.10934399908	76276	5270.074384630585	1.7571219062759569	0.0	0.0	0.5691124767315658	1.0	1	
Pf3D7_03_v3	10200	11999	1423	249.32141823413855	2276	157.25377968717828	1.585889092879371	4.365622148843459e-59	7.932306910970468e-59	0.630561118359406	1.0	1	
Pf3D7_03_v3	31200	31399	131	22.952287975173686	261	18.03305645797607	1.2776105618840468	0.0033108518038440535	0.0041090035779850305	0.7827111248402139	1.0	1	
Pf3D7_03_v3	33400	34599	556	97.41581766562265	1111	76.76140124448817	1.27021214667802	2.7576149678948387e-08	3.582322248012921e-08	0.7872700655676262	1.0	1	
Pf3D7_03_v3	35600	37799	1042	182.56705397046548	2067	142.81351608673	1.2789678499348145	1.108499969770503e-14	1.5032341053473162e-14	0.7818804828056993	1.0	1	
Pf3D7_03_v3	42200	42399	171	29.960620181333585	186	12.85114368269559	2.332451886272188	7.960992805443739e-23	1.177210638251787e-22	0.42873338819358775	1.0	1	
Pf3D7_03_v3	43200	44599	907	158.9139327746758	1449	100.11455481841887	1.5879751422673312	1.2437269422252927e-38	2.0338593525801842e-38	0.6297327794263752	1.0	1	
Pf3D7_03_v3	46200	47399	988	173.10580549214964	2035	140.60256663594367	1.2318118323743468	1.1482517494288564e-10	1.5273396475656559e-10	0.81181230259209	1.0	1	
Pf3D7_03_v3	49800	50399	829	145.247684972664	1048	72.40859451325257	2.0064505357721987	1.1561550951177206e-72	2.1864701798824922e-72	0.49839255051216197	1.0	1	
Pf3D7_03_v3	51200	57599	6848	1199.8264736945755	10601	732.4460977433115	1.638193580861019	3.70973249679e-312	9.37550576462e-312	0.6104284693109403	1.0	1	
Pf3D7_03_v3	58800	79999	30013	5258.526862586929	48812	3372.52701849321	1.5592445399154098	0.0	0.0	0.6413362204585631	1.0	1	
Pf3D7_03_v3	123800	138799	27890	4886.559630744993	33635	2323.9151492874526	2.102740092585479	0.0	0.0	0.4755699496700155	1.0	1	
Pf3D7_03_v3	339200	339599	361	63.25019816059312	347	23.974983106964356	2.637880880601936	2.326774685574878e-57	4.1731829844504265e-57	0.3790921748414245	1.0	1	
Pf3D7_03_v3	583600	583999	187	32.76395306379755	204	14.094802748762906	2.3255722777590764	1.2778562564360313e-24	1.8997007448621214e-24	0.43000168584895626	1.0	1	
Pf3D7_03_v3	872600	872799	141	24.704371026713662	87	6.011018819325357	4.091961376061818	6.521976954994088e-43	1.0856943673582972e-42	0.24438158332824222	1.0	1	
Pf3D7_03_v3	1002800	1004799	1896	332.1949465719795	2746	189.72709974560263	1.7511950662547509	9.929066494104607e-111	2.029618003941971e-110	0.5710386120140698	1.0	1	
Pf3D7_03_v3	1006600	1008799	2096	367.236607602779	3054	211.00748820942113	1.7406564728635663	8.343318509058226e-120	1.757153443574384e-119	0.5744958959965794	1.0	1	
Pf3D7_03_v3	1009600	1010399	643	112.65894021402046	1149	79.38690371729695	1.4200834972699043	1.961511358425675e-17	2.7540412002138265e-17	0.7041839454669319	1.0	1	
Pf3D7_03_v3	1013400	1014999	801	140.34185242835207	1618	111.79113160538421	1.2561843342566654	2.3790681024214225e-10	3.1494330117769304e-10	0.7960615116186273	1.0	1	
Pf3D7_03_v3	1015800	1023399	12216	2140.3446557612347	18100	1250.5682831010224	1.711543175016615	0.0	0.0	0.5842680538808449	1.0	1	
Pf3D7_03_v3	1024400	1029199	3969	695.4017631562164	8285	572.4286312426503	1.2149864410196027	7.009573652747683e-33	1.1009386867027434e-32	0.8230544524931582	1.0	1	
Pf3D7_03_v3	1030600	1067799	53746	9416.745568806755	86646	5986.560191026033	1.5729921349136962	0.0	0.0	0.6357310871454969	1.0	1	
Pf3D7_04_v3	5000	17999	18619	3262.203433662281	26427	1825.8987854978297	1.7866571925315693	0.0	0.0	0.5597044604751902	1.0	1	
Pf3D7_04_v3	18800	35399	28026	4910.3879602459365	40878	2824.3497390388725	1.738610121944537	0.0	0.0	0.5751720799149361	1.0	1	
Pf3D7_04_v3	36600	37799	808	141.56831056443005	1731	119.59854685347348	1.184476605587422	1.3865686938467124e-06	1.7763414603197514e-06	0.8442547495516521	1.0	1	
Pf3D7_04_v3	42000	64199	37778	6619.019352107721	47506	3282.292644032993	2.016595089872459	0.0	0.0	0.49588536886859413	1.0	1	
Pf3D7_04_v3	65000	75399	16746	2934.0382781088438	26520	1832.3243573391776	1.6013010127270495	0.0	0.0	0.6244922048085007	1.0	1	
Pf3D7_04_v3	76600	90199	20709	3628.388791434136	33643	2324.467886650149	1.5609835562093282	0.0	0.0	0.6406217387890919	1.0	1	
Pf3D7_04_v3	98400	101999	4325	757.7759197910395	7609	525.722324094789	1.4415433661511183	3.920131952994383e-114	8.193960022048409e-114	0.6937009482204985	1.0	1	
Pf3D7_04_v3	108400	125599	18036	3160.0569917575003	33820	2336.6972007998106	1.3523954918255174	0.0	0.0	0.7394286701223473	1.0	1	
Pf3D7_04_v3	127200	132799	3186	558.2136602206363	6384	441.08441543187445	1.2657473167577986	7.834909896082039e-38	1.2737455854449161e-37	0.7900471024196929	1.0	1	
Pf3D7_04_v3	150400	171799	37401	6552.965821064664	59060	4080.5835801075355	1.605905122454779	0.0	0.0	0.6227017935352275	1.0	1	
Pf3D7_04_v3	263800	264399	269	47.13103408642535	303	20.93492761213314	2.252247088010304	2.578554248143264e-32	4.027180230246222e-32	0.4440010180603351	1.0	1	
Pf3D7_04_v3	545600	569399	48421	8483.761343861717	69526	4803.702234855342	1.766099169716269	0.0	0.0	0.5662196195702046	1.0	1	
Pf3D7_04_v3	571200	572399	1171	205.16892533533118	2595	179.29418202470458	1.14485049719371	2.9254085636711108e-06	3.713532331966068e-06	0.873476495360074	1.0	1	
Pf3D7_04_v3	597800	614199	30769	5390.984341283352	47048	3250.6484300186135	1.6584521764161888	0.0	0.0	0.6029718638983834	1.0	1	
Pf3D7_04_v3	934600	939199	9672	1694.6147274494647	12582	869.3176871810532	1.9494084520344603	0.0	0.0	0.5129761281974389	1.0	1	
Pf3D7_04_v3	950800	951199	433	75.86519613168096	595	41.109841350558476	1.8465850845372076	1.9059883717925262e-31	2.943693151990679e-31	0.5415401696752147	1.0	1	
Pf3D7_04_v3	962800	992399	56298	9863.877163559757	88903	6142.501219476806	1.605850950238426	0.0	0.0	0.6227227999283038	1.0	1	
Pf3D7_04_v3	1121000	1150999	40229	7048.454908040169	67887	4690.460167672879	1.5027366264805964	0.0	0.0	0.6654526031896862	1.0	1	
Pf3D7_04_v3	1152400	1153799	2850	499.34366968889316	3955	273.259533683124	1.8275395649991408	1.4389368471578454e-188	3.305987136445298e-188	0.5471837760188082	1.0	1	
Pf3D7_04_v3	1154600	1168199	24506	4293.654726103865	40277	2782.8253446662916	1.542936691227821	0.0	0.0	0.6481147319169855	1.0	1	
Pf3D7_05_v3	23600	28399	5946	1041.7885824456696	8737	603.6582922350074	1.7258845923928572	0.0	0.0	0.5794130177693674	1	1	
Pf3D7_05_v3	29600	42999	21480	3763.474394707868	33212	2294.6891612348704	1.6401072302183102	0.0	0.0	0.6097162317044921	1	1	
Pf3D7_05_v3	987600	987799	119	20.84978831332571	125	8.636521292134134	2.415107988554259	1.3386684342590099e-17	1.8890854046903795e-17	0.4140601599345559	1	1	
Pf3D7_05_v3	1114800	1114999	126	22.076246449403698	138	9.534719506516083	2.3169399300266935	3.68430961734967e-17	5.146924993081449e-17	0.43160376626099195	1	1	
Pf3D7_05_v3	1318400	1343399	47691	8355.859281099298	71730	4955.98137827825	1.6860269158332686	0.0	0.0	0.5931103416019784	1	1	
Pf3D7_06_v3	0	13799	27806	4871.842133112057	33867	2339.9445328056536	2.0820465699071304	0.0	0.0	0.4802966535203893	1.0	1	
Pf3D7_06_v3	14600	16199	3224	564.8715758164882	2816	194.56355166919775	2.9031449862413417	0.0	0.0	0.3444540333807734	1.0	1	
Pf3D7_06_v3	17600	24999	9476	1660.2738996392811	14339	990.7126304632907	1.6758980005512654	0.0	0.0	0.5966950253959744	1.0	1	
Pf3D7_06_v3	26400	32999	9884	1731.758888142112	13871	958.3774947455405	1.807022029282136	0.0	0.0	0.5533966845978427	1.0	1	
Pf3D7_06_v3	34400	41199	9209	1613.493282163164	14915	1030.5097205774448	1.5657885360226573	0.0	0.0	0.6386558446392469	1.0	1	
Pf3D7_06_v3	45800	48999	2276	398.7741025304985	4194	289.7725623936844	1.3764388401513588	8.276378258906858e-48	1.4202673802321645e-47	0.7265124833952201	1.0	1	
Pf3D7_06_v3	50000	50399	351	61.498115109053145	567	39.175260581120426	1.571520972833898	1.4204317273863758e-15	1.9452217744503077e-15	0.6363262198128457	1.0	1	
Pf3D7_06_v3	51400	57999	5063	887.0796489946898	4571	315.820310610761	2.8087515740902678	0.0	0.0	0.356030063044608	1.0	1	
Pf3D7_06_v3	725200	736399	21127	3701.625862988507	31856	2201.0001782577992	1.6818194325040996	0.0	0.0	0.5945941524240073	1.0	1	
Pf3D7_06_v3	737800	745399	11421	2001.0540531638067	18846	1302.1110421724788	1.5368298199994737	0.0	0.0	0.6506901330170327	1.0	1	
Pf3D7_06_v3	1307800	1308199	189	33.114369674105546	365	25.218642173031668	1.316431813433264	0.0001398758049709408	0.00017595237005394362	0.7596291655942229	1.0	1	
Pf3D7_06_v3	1311200	1316399	3532	618.8357338039195	5403	373.30499633120576	1.6578840395522403	1.9866892729920894e-169	4.490240795868299e-169	0.6031784950834553	1.0	1	
Pf3D7_06_v3	1318000	1319799	1188	208.14746652294912	2001	138.2534328444832	1.5060647194358465	3.1856750495918295e-40	5.2715337130150515e-40	0.6639820899427137	1.0	1	
Pf3D7_06_v3	1321200	1321799	543	95.1381096986207	816	56.37921099505162	1.6885063440173715	1.1898783008322881e-29	1.8175064155570117e-29	0.5922394094302035	1.0	1	
Pf3D7_06_v3	1325000	1325399	206	36.0929108617235	359	24.80408915100923	1.4581214480896336	1.5512192479806528e-07	2.0057625625052163e-07	0.6858139294982293	1.0	1	
Pf3D7_06_v3	1328800	1343999	23418	4103.028090096315	36602	2528.9116186775486	1.622473149281474	0.0	0.0	0.6163430195703753	1.0	1	
Pf3D7_06_v3	1344800	1352999	10981	1923.9623988960475	15831	1093.7981486062038	1.7590229741547507	0.0	0.0	0.5684974071930595	1.0	1	
Pf3D7_06_v3	1353800	1370199	33708	5905.921550130951	39911	2757.537610322923	2.141747317736127	0.0	0.0	0.4669084871585233	1.0	1	
Pf3D7_06_v3	1371000	1373399	2275	398.5988942253445	2522	174.25045359009826	2.2876040709659007	2.3058599778923455e-264	5.672823662425416e-264	0.43713858210514883	1.0	1	
Pf3D7_06_v3	1374800	1376399	1119	196.05809346732332	2002	138.32252501482026	1.4179565624262649	1.1044336971393958e-28	1.668655259808435e-28	0.7052402213851322	1.0	1	
Pf3D7_06_v3	1377200	1391799	21626	3789.054807260352	31546	2179.5816054533066	1.738457460040134	0.0	0.0	0.575222588407147	1.0	1	
Pf3D7_06_v3	1399200	1399399	125	21.901038144249696	179	12.367498490336079	1.77510437158738	1.8038644275250685e-09	2.3766555016680996e-09	0.5633471563735455	1.0	1	
Pf3D7_06_v3	1402400	1411999	11291	1978.2769734937867	17499	1209.0438887284415	1.6362839644052813	0.0	0.0	0.6111408665936886	1.0	1	
Pf3D7_07_v3	200	31399	56921	9973.031937670696	74698	5161.046939838683	1.9323741384852515	0.0	0.0	0.5174981283820532	1.0	1	
Pf3D7_07_v3	34200	46799	20537	3598.2529629476485	31409	2170.1159781171277	1.658120415866722	0.0	0.0	0.6030925078968323	1.0	1	
Pf3D7_07_v3	47600	50999	4587	803.680495741387	7138	493.1799118660275	1.6297158179102516	6.550177381371364e-206	1.530209505900201e-205	0.6136039111912639	1.0	1	
Pf3D7_07_v3	53400	53799	386	67.63040578944306	581	40.14255096583945	1.686218438400383	1.4357802036091474e-21	2.100773140017595e-21	0.5930429754692053	1.0	1	
Pf3D7_07_v3	54600	57199	3014	528.0778317341487	4135	285.6961243437971	1.8485561205913068	4.126083749937806e-206	9.72077358036195e-206	0.540962748634391	1.0	1	
Pf3D7_07_v3	58600	61599	3115	545.7738705547025	5119	353.68281995547704	1.543310608779653	2.5018424027754695e-113	5.1903894624744813e-113	0.6479577048917802	1.0	1	
Pf3D7_07_v3	69400	69599	147	25.755620857637645	300	20.727651101121918	1.2468697057187104	0.004678497691012327	0.005780543813784121	0.802008417891257	1.0	1	
Pf3D7_07_v3	71000	72599	2500	438.020762884994	3902	269.59764865525904	1.6249537108231902	4.309111464991634e-112	8.873577683464253e-112	0.6154021455130602	1.0	1	
Pf3D7_07_v3	73400	83799	14190	2486.205850135226	24461	1690.0635786151443	1.4711159078919205	0.0	0.0	0.6797560917093065	1.0	1	
Pf3D7_07_v3	507000	610399	201625	35326.374526674765	296763	20503.999745740814	1.722904366652468	0.0	0.0	0.5804152681689225	1.0	1	
Pf3D7_07_v3	1379000	1386999	9551	1673.414522525831	19644	1357.2465941014632	1.2330143589719416	2.1109552870052257e-87	4.047210826120365e-87	0.8110205633239961	1.0	1	
Pf3D7_07_v3	1387800	1389399	1785	312.7468246998857	2569	177.49778559594068	1.762277047056732	1.6906280080720822e-106	3.3812560161441645e-106	0.5674476675901502	1.0	1	
Pf3D7_07_v3	1391000	1412399	35431	6207.805459911288	56043	3872.132502200586	1.603217321443459	0.0	0.0	0.6237457558777175	1.0	1	
Pf3D7_07_v3	1413200	1432399	36941	6472.370000693825	44660	3085.656327253683	2.09757652714516	0.0	0.0	0.47674065144169886	1.0	1	
Pf3D7_07_v3	1434200	1445199	18127	3176.000947526514	29068	2008.3712073580398	1.581414272845202	0.0	0.0	0.6323453741193631	1.0	1	
Pf3D7_08_v3	52600	53799	2608	456.9432598416257	3671	253.63735730739523	1.801761323323792	1.570841291516164e-165	3.521724830979787e-165	0.5550124686633044	1.0	1	
Pf3D7_08_v3	54800	61799	7819	1369.953737999107	12439	859.4375068228518	1.5940877567539404	1.0756e-320	2.743e-320	0.6273180355116156	1.0	1	
Pf3D7_08_v3	67200	71799	1975	346.0364026791452	4583	316.6494166548058	1.0931208670707626	4.7725376971996683e-05	6.0307521810068533e-05	0.9148119207345307	1.0	1	
Pf3D7_08_v3	75800	85599	11259	1972.6703077288591	20586	1422.3314185589861	1.3869831324951183	5.586596713176727e-238	1.3388567985026985e-237	0.720989301579354	1.0	1	
Pf3D7_08_v3	92600	92999	243	42.57561815242141	211	14.578447941122416	2.9186352201301937	2.5923097948564014e-46	4.367649230121694e-46	0.3426258934665334	1.0	1	
Pf3D7_08_v3	427000	464399	76552	13412.546176148824	114080	7882.034792053296	1.7016676741980163	0.0	0.0	0.5876588097445601	1.0	1	
Pf3D7_08_v3	465200	466599	1348	236.18079534758874	2659	183.71608092627727	1.2860450039051428	3.602914224847889e-19	5.189689919729084e-19	0.7775777651353163	1.0	1	
Pf3D7_08_v3	1220600	1220999	286	50.10957527404331	226	15.614830496178511	3.206135649122581	5.044032750825075e-62	9.225270425851125e-62	0.3119019621873045	1.0	1	
Pf3D7_08_v3	1259400	1259599	172	30.135828486487586	162	11.192931594605835	2.691437828962461	1.6541227939694415e-29	2.5128204192541242e-29	0.3715486158509915	1.0	1	
Pf3D7_08_v3	1381400	1422599	64170	11243.116941732025	13050	901.6528228988034	12.468691247428634	0.0	0.0	0.08020087915852643	1.0	1	
Pf3D7_08_v3	1423400	1430599	10096	1768.9030488347596	4895	338.20617379997265	5.229700291759388	0.0	0.0	0.1912155466300302	1.0	1	
Pf3D7_08_v3	1432400	1434599	3430	600.9644866782116	1036	71.57948846920769	8.390113099485193	0.0	0.0	0.11918790463758573	1.0	1	
Pf3D7_08_v3	1435600	1472799	63873	11191.080075101287	14886	1028.5060476376696	10.880347823198795	0.0	0.0	0.09190882646856435	1.0	1	
Pf3D7_09_v3	0	27999	49736	8714.160265139224	75627	5225.233566081824	1.6677187989641313	0.0	0.0	0.5996214713302561	1.0	1	
Pf3D7_09_v3	29600	32599	2209	387.03514608518066	4052	279.96147420582	1.3827431747940184	1.122218221945334e-47	1.9139672742380542e-47	0.7232000983472334	1.0	1	
Pf3D7_09_v3	33400	37799	8257	1446.694975656558	12195	842.5790172606061	1.7170514806457136	0.0	0.0	0.582393720439844	1.0	1	
Pf3D7_09_v3	38600	47399	10276	1800.4405437624791	16743	1156.8102079536143	1.5564421905333685	0.0	0.0	0.6424909361120027	1.0	1	
Pf3D7_09_v3	48200	51599	5620	984.6706749654666	8203	566.7630732750104	1.7374558878408903	0.0	0.0	0.5755541806835077	1.0	1	
Pf3D7_09_v3	52600	78799	38384	6725.195585031043	59320	4098.547544395174	1.6408879848230473	0.0	0.0	0.6094261212521704	1.0	1	
Pf3D7_09_v3	1380600	1393399	13109	2296.8056722637543	74	5.112820604943407	443.2689202192487	0.0	0.0	0.002255966873349438	1.0	1	
Pf3D7_09_v3	1447000	1482199	49733	8713.634640223763	75787	5236.288313335756	1.6640976109396657	0.0	0.0	0.6009262878728191	1.0	1	
Pf3D7_09_v3	1483600	1489999	8683	1521.333713652161	13356	922.7950270219478	1.6486814150808897	0.0	0.0	0.6065453221300107	1.0	1	
Pf3D7_09_v3	1490800	1491199	320	56.06665764927923	501	34.61517733887361	1.6215381425143682	5.004518445518222e-16	6.921672277880924e-16	0.6166984135503547	1.0	1	
Pf3D7_09_v3	1492200	1494599	3597	630.2242736389293	2975	205.54920675279237	3.0658724697443325	0.0	0.0	0.32617142750343797	1.0	1	
Pf3D7_09_v3	1495400	1513599	27917	4891.29025498415	35207	2432.5280410573314	2.010799649672821	0.0	0.0	0.49731458833440256	1.0	1	
Pf3D7_09_v3	1530600	1541399	10912	1911.8730258404216	5136	354.85738685120725	5.387167053347723	0.0	0.0	0.1856263208653562	1.0	1	
Pf3D7_10_v3	600	61399	85376	14958.584260827698	124424	8596.72420201998	1.7400394492725482	0.0	0.0	0.5746996140909716	1.0	1	
Pf3D7_10_v3	1428800	1438199	13916	2438.1987745230304	20673	1428.3424373783114	1.7070528572383235	0.0	0.0	0.5858049419851028	1.0	1	
Pf3D7_10_v3	1575000	1577799	2093	366.71098268731697	3797	262.3429707698664	1.3981300511938515	4.0031393746884035e-48	6.9122530817601e-48	0.7152410458140916	1.0	1	
Pf3D7_10_v3	1578800	1579999	1177	206.22017516625516	1742	120.35856072718127	1.7138537412752513	6.189563398872723e-65	1.139535513169945e-64	0.5834803611981009	1.0	1	
Pf3D7_10_v3	1581000	1584999	4057	710.8200940097682	7204	497.7399951082743	1.4282489421833229	3.0395302139647673e-102	6.035638567730038e-102	0.7001580540093584	1.0	1	
Pf3D7_10_v3	1589600	1594599	3634	636.7069809296272	5955	411.4438743572701	1.547660076446351	2.1701328436183324e-133	4.750369531699972e-133	0.6461367164656358	1.0	1	
Pf3D7_10_v3	1598200	1598399	169	29.610203571025593	352	24.32044395864972	1.2212373256570401	0.0056938829606671204	0.007003979925068405	0.8188416608229594	1.0	1	
Pf3D7_10_v3	1599600	1600799	1785	312.7468246998857	2463	170.17401554021095	1.8380892901525168	4.7390250795631164e-121	1.0134222862450357e-120	0.5440432112615292	1.0	1	
Pf3D7_10_v3	1602400	1637399	64898	11370.668587884136	102547	7085.194791555832	1.6048581933986228	0.0	0.0	0.6231080129779509	1.0	1	
Pf3D7_10_v3	1638200	1638599	438	76.74123765745095	610	42.14622390561457	1.8220033180426933	1.301672452023303e-30	1.999253821339659e-30	0.5488464209133608	1.0	1	
Pf3D7_10_v3	1639400	1657799	27210	4767.417983240274	42476	2934.7590272375155	1.624488044126879	0.0	0.0	0.6155785532650532	1.0	1	
Pf3D7_10_v3	1676000	1686999	9884	1731.758888142112	12074	834.2188646498201	2.075942823205117	0.0	0.0	0.48170883553337307	1.0	1	
Pf3D7_11_v3	32600	50399	22953	4021.5562281997063	39705	2743.304623233486	1.4659801593647857	0.0	0.0	0.6821374720605383	1.0	1	
Pf3D7_11_v3	52000	62199	11598	2032.0659231760642	20703	1430.4152024884236	1.4206665106840655	7.287556075107722e-280	1.8088755257856665e-279	0.7038949623148995	1.0	1	
Pf3D7_11_v3	66600	76999	14744	2583.2712511905406	23813	1645.2918522367208	1.570139651288913	0.0	0.0	0.6368860242330097	1.0	1	
Pf3D7_11_v3	78200	79599	874	153.1320587045939	1601	110.61656470965397	1.3850689541100032	2.9831757833358654e-20	4.3420045432846633e-20	0.7219857156083359	1.0	1	
Pf3D7_11_v3	82600	84199	794	139.1153942922741	1704	117.7330582543725	1.182411374454937	2.1154447546307147e-06	2.6976772559052235e-06	0.8457293473356309	1.0	1	
Pf3D7_11_v3	85000	86799	1195	209.3739246590271	2367	163.54116718785193	1.2807823530517053	9.915841937850112e-17	1.3783020293611655e-16	0.7807727812749071	1.0	1	
Pf3D7_11_v3	88400	88799	401	70.25853036675304	668	46.153569785164805	1.523792349729077	1.387453703258864e-15	1.909465987653288e-15	0.6562573963426153	1.0	1	
Pf3D7_11_v3	93400	100399	6340	1110.8206546763447	10737	741.8426329091535	1.4974771599174597	9.87192242144502e-200	2.286995360968096e-199	0.6677898179462848	1.0	1	
Pf3D7_11_v3	101400	102599	1289	225.8435053435029	1762	121.74040413392274	1.8555097960843694	1.6720226320099784e-90	3.227932581241486e-90	0.5389354462640251	1.0	1	
Pf3D7_11_v3	103400	110999	4310	755.1477952137295	8233	568.8358383851225	1.3276787789155062	5.757612574292612e-71	1.0814974970630717e-70	0.7531942333346883	1.0	1	
Pf3D7_11_v3	133800	133999	123	21.550621533941705	97	6.701940522696087	3.208643470507801	4.12947939101539e-28	6.1720175844208515e-28	0.31165818489697755	1.0	1	
Pf3D7_11_v3	373000	373199	128	22.426663059711693	120	8.291060440448767	2.703523777270036	1.0704446524608933e-22	1.574516472931896e-22	0.369887629029762	1.0	1	
Pf3D7_11_v3	1149400	1149799	192	33.639994589567536	196	13.542065386066321	2.4843737760432516	1.682422950324614e-28	2.5281815145418522e-28	0.4025159215746732	1.0	1	
Pf3D7_11_v3	1197400	1198599	442	77.44207087806693	727	50.23000783505212	1.5431146715329853	7.690685460541301e-18	1.090821713280858e-17	0.6480399794310582	1.0	1	
Pf3D7_11_v3	1982800	1998399	13791	2416.297736378781	33528	2316.5222870613857	1.0431157459825033	4.2539861114635636e-07	5.475037680494772e-07	0.9586663837176641	1.0	1	
Pf3D7_11_v3	2001600	2022999	38022	6661.770178565296	58307	4028.557175843719	1.653651876264638	0.0	0.0	0.6047221996076081	1.0	1	
Pf3D7_11_v3	2024400	2037999	28276	4954.190036534435	40082	2769.3523714505627	1.7889531477675378	0.0	0.0	0.5589861317765172	1.0	1	
Pf3D7_12_v3	200	21999	40903	7166.545305713964	9003	622.0368095446688	11.520097292538269	0.0	0.0	0.08680482244257731	1.0	1	
Pf3D7_12_v3	23000	24399	943	165.22143176021973	1106	76.41594039280281	2.1624706759304257	2.3861123179234536e-98	4.6387358348441966e-98	0.4624340163918012	1.0	1	
Pf3D7_12_v3	26400	27399	607	106.35144122847653	748	51.68094341213065	2.058484565945312	2.8445882413515373e-57	5.069202122408509e-57	0.48579426658988467	1.0	1	
Pf3D7_12_v3	30000	41999	20303	3557.254219541613	12146	839.1935009140894	4.238756090358603	0.0	0.0	0.23591826910601948	1.0	1	
Pf3D7_12_v3	43800	47999	2155	377.57389760686476	4490	310.2238448134581	1.2173951156733758	4.517347330513245e-19	6.473312154034444e-19	0.8214259997641534	1.0	1	
Pf3D7_12_v3	48800	63799	27305	4784.062772229904	14851	1026.087821675872	4.662286942649859	0.0	0.0	0.21448701298329773	1.0	1	
Pf3D7_12_v3	553800	554199	210	36.793744082339494	193	13.334788875055102	2.758078220949464	5.9198712771530415e-37	9.568164040979915e-37	0.3625712977987084	1.0	1	
Pf3D7_12_v3	763200	785399	46565	8158.574729495897	68717	4747.806669052649	1.718400048382789	0.0	0.0	0.5819366689037947	1.0	1	
Pf3D7_12_v3	887800	888199	346	60.62207358328317	322	22.247678848537525	2.7242866737762976	3.8151583460319796e-58	6.887104027252534e-58	0.3670685650030508	1.0	1	
Pf3D7_12_v3	903600	915999	23092	4045.9101826161123	35981	2486.005380898226	1.6274996725770572	0.0	0.0	0.6144394477306127	1.0	1	
Pf3D7_12_v3	1688800	1743399	106806	18713.298240277865	153523	10607.237266658469	1.7642059930707281	0.0	0.0	0.5668272321529912	1.0	1	
Pf3D7_12_v3	2162200	2169799	8423	1475.7795543121215	16097	1112.176665915865	1.3270041732115871	4.475349654211242e-136	9.874184157704168e-136	0.7535771327529599	1.0	1	
Pf3D7_12_v3	2183200	2196399	18718	3279.549055872527	29374	2029.5134114811844	1.615960059902452	0.0	0.0	0.6188271757535674	1.0	1	
Pf3D7_12_v3	2199200	2202799	5170	905.8269376461675	7452	514.8748533518684	1.7594189694424764	3.181866005190735e-302	7.96899774272995e-302	0.5683694545574209	1.0	1	
Pf3D7_12_v3	2203600	2230399	41470	7265.88841473628	67027	4631.040901182996	1.5689680516053044	0.0	0.0	0.6373616078267754	1.0	1	
Pf3D7_12_v3	2231200	2236599	5983	1048.2712897363676	9730	672.2668173797209	1.5594087466533881	4.6387547405473936e-225	1.1021998443351927e-224	0.641268687344532	1.0	1	
Pf3D7_12_v3	2238000	2271399	56482	9896.115491708091	23894	1650.8883180340238	5.9942737703865125	0.0	0.0	0.1668258805495832	1.0	1	
Pf3D7_13_v3	24000	26599	3813	668.0692675521929	5854	404.4655651532257	1.6518843658007243	2.4744597049681444e-180	5.638522934271673e-180	0.6053692502351798	1.0	1	
Pf3D7_13_v3	27400	28799	1000	175.20830515399757	2283	157.7374248795378	1.111383209881766	0.0005078001024198432	0.000635893821949173	0.8997796539560684	1.0	1	
Pf3D7_13_v3	30000	31999	2311	404.9063932108884	3580	247.3499698067216	1.6372287497945597	1.0022612397520427e-106	2.0190480047178832e-106	0.610788199343238	1.0	1	
Pf3D7_13_v3	32800	46799	28387	4973.63815840653	40630	2807.2148807952785	1.7717528453159463	0.0	0.0	0.5644128088428022	1.0	1	
Pf3D7_13_v3	47800	59199	18727	3281.1259306189127	24609	1700.289219825031	1.9297703994362603	0.0	0.0	0.5181963617496298	1.0	1	
Pf3D7_13_v3	60000	61199	1301	227.94600500535088	1672	115.52210880358616	1.97351711365961	5.138282510474585e-108	1.0426587867970325e-107	0.5067095659209363	1.0	1	
Pf3D7_13_v3	62400	66599	4681	820.1500764258627	6902	476.8741596664783	1.7199641290064598	2.954784371786638e-254	7.142870046579873e-254	0.5814074742231118	1.0	1	
Pf3D7_13_v3	69000	71999	2590	453.78951034885375	4796	331.3660489366024	1.3696939833773794	1.3307823889135254e-52	2.3415031906200004e-52	0.730090087374268	1.0	1	
Pf3D7_13_v3	73000	80399	10219	1790.4536703687013	12112	836.8443671226289	2.1395627693532364	0.0	0.0	0.46738521268169564	1.0	1	
Pf3D7_13_v3	83600	91999	10775	1887.869488034324	6929	478.73964826557926	3.943212679494044	0.0	0.0	0.2536003206726122	1.0	1	
Pf3D7_13_v3	104000	109999	6842	1198.7752238636515	4221	291.6380509927854	4.110116808138473	0.0	0.0	0.24330208767300543	1.0	1	
Pf3D7_13_v3	962000	962399	186	32.58874475864355	251	17.34213475460534	1.88177164108186	2.220040033448574e-15	3.0253486730328605e-15	0.5314141090069167	1.0	1	
Pf3D7_13_v3	1632600	1632799	125	21.901038144249696	165	11.400208105617056	1.9248119691911352	1.4395539960795588e-11	1.924019283221718e-11	0.5195312664333808	1.0	1	
Pf3D7_13_v3	2822200	2841399	16854	2952.9607750654754	36133	2496.5073907894607	1.1828742293805317	3.760171542246397e-100	7.413671551379421e-100	0.8453984161305953	1.0	1	
Pf3D7_13_v3	2845800	2846999	523	91.63394359554074	1159	80.07782542066768	1.1455107028470286	0.0011631382963880215	0.001450010970385067	0.8729730743803795	1.0	1	
Pf3D7_13_v3	2849800	2851199	896	156.98664141798184	1471	101.63458256583448	1.545291752051514	2.5347423336591695e-34	4.003740731575279e-34	0.6471269898855087	1.0	1	
Pf3D7_13_v3	2852600	2864999	19835	3475.2567327295424	30153	2083.336212173764	1.6681497036549178	0.0	0.0	0.5994665813319985	1.0	1	
Pf3D7_13_v3	2865800	2867599	1259	220.58725618888298	1861	128.58052899729296	1.7159977813411837	1.374487699162914e-69	2.564480405149598e-69	0.5827513362041898	1.0	1	
Pf3D7_13_v3	2868600	2879999	17317	3034.0822203517764	27003	1865.6958756119839	1.6262806307610644	0.0	0.0	0.6149000246851747	1.0	1	
Pf3D7_13_v3	2881000	2883799	3797	665.2659346697288	3451	238.43707983323915	2.790037412385727	0.0	0.0	0.35841813287547003	1.0	1	
Pf3D7_13_v3	2884600	2923199	78460	13746.84362238265	105804	7310.227990343678	1.880500706813983	0.0	0.0	0.5317732646292054	1.0	1	
Pf3D7_14_v3	0	5599	8488	1487.1680941471316	6526	450.8955036197388	3.2981376284018626	0.0	0.0	0.30320141627460145	1.0	1	
Pf3D7_14_v3	6400	30399	38153	6684.72246654047	58144	4017.2951520787765	1.6640008892435145	0.0	0.0	0.6009612173071726	1.0	1	
Pf3D7_14_v3	31200	33599	2202	385.8086879491027	4055	280.16875071683125	1.3773439456913914	1.700642863164823e-46	2.8827970485354925e-46	0.7260350641742035	1.0	1	
Pf3D7_14_v3	34600	42599	12452	2181.693815777578	20254	1399.3928180070777	1.5590771054327075	0.0	0.0	0.641405095691184	1.0	1	
Pf3D7_14_v3	227800	227999	199	34.86645272564552	139	9.603811676853155	3.622661982831388	1.6353564969206396e-51	2.841431913399611e-51	0.27604010662303724	1.0	1	
Pf3D7_14_v3	1259400	1259599	122	21.375413228787707	120	8.291060440448767	2.5777784853039876	4.0133515947209155e-20	5.810998663189659e-20	0.3879309280068236	1.0	1	
Pf3D7_14_v3	1729000	1729399	188	32.939161368951545	262	18.10214862831314	1.8223504955459797	2.750205850191091e-14	3.7114428463743846e-14	0.548741859726824	1.0	1	
Pf3D7_14_v3	1948800	1948999	116	20.32416339786372	166	11.46930027595413	1.7766228526580279	6.136471597554933e-09	8.009103775212541e-09	0.5628656630774997	1.0	1	
Pf3D7_14_v3	2915600	2915799	146	25.580412552483647	117	8.083783929437548	3.1590840511300833	3.1885407702933704e-32	4.952035386265682e-32	0.3165474497718017	1.0	1	
Pf3D7_14_v3	3087800	3112799	46368	8124.05869338056	57774	3991.7310490540594	2.0352306263493904	0.0	0.0	0.4913448073419118	1.0	1	
Pf3D7_14_v3	3123400	3123599	229	40.122701880265446	139	9.603811676853155	4.166061280256097	2.327323829348342e-69	4.3133068303922603e-69	0.24003487532438025	1.0	1	
Pf3D7_14_v3	3147400	3154799	11358	1990.0159299391048	18345	1267.4958648336053	1.5700900590912032	0.0	0.0	0.6369061406444534	1.0	1	
Pf3D7_14_v3	3161800	3185599	30434	5332.289559056762	51573	3563.290500793869	1.4964711329978537	0.0	0.0	0.6682387504506806	1.0	1	
Pf3D7_14_v3	3193600	3197199	3607	631.9763566904693	5619	388.2289051240135	1.6280062462346894	8.325001446536552e-162	1.851480321709729e-161	0.6142482575314656	1.0	1	
Pf3D7_14_v3	3198200	3217599	28034	4911.7896266871685	47135	3256.6594488379387	1.5082512322232384	0.0	0.0	0.6630195146772394	1.0	1	
Pf3D7_14_v3	3218400	3229599	14307	2506.7052218382437	24262	1676.3142367180667	1.495410021648026	0.0	0.0	0.6687129185465427	1.0	1	
Pf3D7_14_v3	3235800	3243599	10326	1809.200959020179	16531	1142.1626678421549	1.5840709658655834	0.0	0.0	0.6312848486895728	1.0	1	
Pf3D7_14_v3	3244800	3260999	17693	3099.960543089679	29916	2066.9613678038777	1.4998016775396263	0.0	0.0	0.6667548216377954	1.0	1	
Pf3D7_14_v3	3264800	3291799	38543	6753.053705550528	61455	4246.059328064825	1.590443869213374	0.0	0.0	0.6287552923792245	1.0	1	
