Pf3D7_01_v3	0	37199	112388	24780	0.0	4.475923693733311	0.0
Pf3D7_01_v3	39000	39999	1594	659	6.267686477619706e-203	2.3870797890328506	8.338748096311435e-203
Pf3D7_01_v3	41800	43999	2975	1202	0.0	2.4425672829859213	0.0
Pf3D7_01_v3	45400	46399	1422	584	1.0366405659603377e-183	2.4029834655462117	1.3441186999316243e-183
Pf3D7_01_v3	47200	48199	863	794	0.019735580727409684	1.0726408354213974	0.021264393318969586
Pf3D7_01_v3	50000	51599	1926	893	3.2708286183281647e-191	2.12847648794494	4.2955946661305516e-191
Pf3D7_01_v3	53200	54999	3320	963	0.0	3.4023252623279627	0.0
Pf3D7_01_v3	55800	57399	3099	716	0.0	4.2714230524332155	0.0
Pf3D7_01_v3	58400	67199	28255	6049	0.0	4.609732883084067	0.0
Pf3D7_01_v3	68400	68599	599	91	6.168897550425142e-270	6.496051560126688	8.619555481415952e-270
Pf3D7_01_v3	71600	73199	1059	247	0.0	4.2311949929899955	0.0
Pf3D7_01_v3	74400	77599	4001	735	0.0	5.372114314283637	0.0
Pf3D7_01_v3	78400	78799	617	106	2.4422963765504126e-250	5.744382255747522	3.3816411367621095e-250
Pf3D7_01_v3	79800	79999	264	85	7.885144550865294e-54	3.0651309570948353	9.316039507972123e-54
Pf3D7_01_v3	81600	83599	3594	736	0.0	4.819081728028766	0.0
Pf3D7_01_v3	84400	84999	1414	280	0.0	4.98374039141272	0.0
Pf3D7_01_v3	85800	85999	421	107	3.4696043264221027e-115	3.882954945470075	4.333464995449647e-115
Pf3D7_01_v3	87000	95999	23796	5716	0.0	4.1084288796450155	0.0
Pf3D7_01_v3	521400	536399	41414	10353	0.0	3.9477077877645144	0.0
Pf3D7_01_v3	542800	546599	8978	2820	0.0	3.1419156824733796	0.0
Pf3D7_01_v3	547400	548199	2032	340	0.0	5.898055023500668	0.0
Pf3D7_01_v3	549400	582799	81398	19109	0.0	4.203778328289791	0.0
Pf3D7_01_v3	587800	590199	3366	751	0.0	4.423216610854231	0.0
Pf3D7_01_v3	591000	601999	29982	6477	0.0	4.568259184145458	0.0
Pf3D7_01_v3	602800	605599	6297	1591	0.0	3.9059578003405164	0.0
Pf3D7_01_v3	607200	608799	2577	1022	0.0	2.4884421903606944	0.0
Pf3D7_01_v3	609600	621399	38595	7460	0.0	5.10571126288254	0.0
Pf3D7_01_v3	623000	625599	6424	1479	0.0	4.286485821224578	0.0
Pf3D7_01_v3	627000	640799	37718	9455	0.0	3.9368707443451254	0.0
Pf3D7_02_v3	200	31199	97078	22542	0.0	4.250034037388198	0.0
Pf3D7_02_v3	33000	34999	4923	1173	0.0	4.141864213267972	0.0
Pf3D7_02_v3	35800	49999	43226	9303	0.0	4.585493280868755	0.0
Pf3D7_02_v3	51600	52999	1805	337	0.0	5.2858074486587885	0.0
Pf3D7_02_v3	53800	72399	53617	13031	0.0	4.060586804297988	0.0
Pf3D7_02_v3	630800	630999	257	154	5.391570174422545e-14	1.6469349113965142	5.934606019328412e-14
Pf3D7_02_v3	841800	851999	22890	7201	0.0	3.1370180313085547	0.0
Pf3D7_02_v3	853800	853999	281	126	4.068069670682118e-32	2.2008974540106463	4.6276182870956434e-32
Pf3D7_02_v3	855400	875999	50868	13353	0.0	3.759497902431274	0.0
Pf3D7_02_v3	877800	878999	2044	271	0.0	7.443473281975521	0.0
Pf3D7_02_v3	880400	880999	931	246	9.089016138632823e-240	3.7348968078606153	1.2416245260810908e-239
Pf3D7_02_v3	884000	885399	2093	377	0.0	5.47888155013621	0.0
Pf3D7_02_v3	886600	887399	1915	371	0.0	5.093999546078492	0.0
Pf3D7_02_v3	889200	897599	20542	3957	0.0	5.1231928939265465	0.0
Pf3D7_02_v3	898400	900599	6852	1474	0.0	4.587582675545758	0.0
Pf3D7_02_v3	901600	910399	18222	3562	0.0	5.0485441715535595	0.0
Pf3D7_02_v3	913400	914599	2566	711	0.0	3.561648729126468	0.0
Pf3D7_02_v3	916200	917599	2386	889	0.0	2.648699634456504	0.0
Pf3D7_02_v3	918400	946999	92593	18924	0.0	4.828689160624551	0.0
Pf3D7_03_v3	400	1199	1180	970	4.894380155287075e-10	1.2005335637168542	5.329823229600873e-10
Pf3D7_03_v3	2400	42399	124026	29532	0.0	4.144612293597641	0.0
Pf3D7_03_v3	43200	44399	1776	778	2.3299232691758794e-200	2.2528246926999898	3.086391863064152e-200
Pf3D7_03_v3	46200	47399	2312	628	0.0	3.6332243756530898	0.0
Pf3D7_03_v3	49800	50399	1310	193	0.0	6.6985070668964894	0.0
Pf3D7_03_v3	51200	56999	11518	2029	0.0	5.602205820385763	0.0
Pf3D7_03_v3	58800	63999	8573	2162	0.0	3.91328219887904	0.0
Pf3D7_03_v3	64800	65799	1259	406	1.8560377958169342e-246	3.060298079690101	2.5583223672071254e-246
Pf3D7_03_v3	68000	79999	28155	8319	0.0	3.3400151798572786	0.0
Pf3D7_03_v3	116200	122999	17268	4448	0.0	3.831257082008817	0.0
Pf3D7_03_v3	123800	132999	31076	6154	0.0	4.983467772825585	0.0
Pf3D7_03_v3	135600	135799	263	170	5.396309846141935e-11	1.5267603062801927	5.897395760426544e-11
Pf3D7_03_v3	137000	137999	879	504	8.521552057514414e-50	1.721164468038575	9.99078517087897e-50
Pf3D7_03_v3	139800	140599	656	312	6.218079044469564e-63	2.074976959105575	7.432547607842527e-63
Pf3D7_03_v3	848200	857999	31183	7662	0.0	4.016426097299592	0.0
Pf3D7_03_v3	1002600	1004799	3556	1169	0.0	3.0020040538775854	0.0
Pf3D7_03_v3	1007000	1008199	2866	546	0.0	5.180212512889006	0.0
Pf3D7_03_v3	1009600	1010399	1028	259	3.5153854836978164e-280	3.9170343838619797	4.957179530007059e-280
Pf3D7_03_v3	1013400	1013599	583	82	1.813443734269258e-279	7.0164710171302005	2.5454760673687746e-279
Pf3D7_03_v3	1015800	1023199	19257	4146	0.0	4.583775783765565	0.0
Pf3D7_03_v3	1024400	1025199	1354	257	0.0	5.199356235291306	0.0
Pf3D7_03_v3	1026200	1028999	5175	1241	0.0	4.1153104771081805	0.0
Pf3D7_03_v3	1030800	1067799	108009	28898	0.0	3.6885543892248975	0.0
Pf3D7_04_v3	0	599	1119	555	2.8734946777108327e-95	1.9897620187283325	3.5171574855180596e-95
Pf3D7_04_v3	2800	2999	293	40	3.224772562780601e-145	7.228890765762015	4.07760497607795e-145
Pf3D7_04_v3	5000	17999	43345	8554	0.0	5.000734466552254	0.0
Pf3D7_04_v3	18800	37799	55662	11571	0.0	4.747357599646347	0.0
Pf3D7_04_v3	38800	39999	1626	741	2.3390613843042353e-168	2.1655407801705167	2.9823032649879e-168
Pf3D7_04_v3	42000	43599	3209	920	0.0	3.4422778553687943	0.0
Pf3D7_04_v3	44400	57799	44044	8072	0.0	5.384800699628635	0.0
Pf3D7_04_v3	58600	64199	11840	2267	0.0	5.154234997560924	0.0
Pf3D7_04_v3	65200	75199	27615	6472	0.0	4.210857766857454	0.0
Pf3D7_04_v3	76600	90199	34675	7877	0.0	4.344298492094067	0.0
Pf3D7_04_v3	108400	113799	10903	3510	0.0	3.0655113529983855	0.0
Pf3D7_04_v3	114600	115199	646	382	1.3258101684380709e-33	1.6689110428970073	1.5194678334908228e-33
Pf3D7_04_v3	119600	124799	8528	3418	0.0	2.4622898028473412	0.0
Pf3D7_04_v3	150400	171799	60743	14563	0.0	4.11632276555441	0.0
Pf3D7_04_v3	329200	329399	259	134	2.010361506587633e-21	1.90747563377552	2.245148251882539e-21
Pf3D7_04_v3	548800	554199	6679	3706	0.0	1.7785663106787257	0.0
Pf3D7_04_v3	555400	557599	2236	1289	6.902129552955363e-121	1.7119178294938655	8.65594935739484e-121
Pf3D7_04_v3	561600	569399	9864	4780	0.0	2.036522441728948	0.0
Pf3D7_04_v3	582600	584599	2166	168	0.0	12.723693644271513	0.0
Pf3D7_04_v3	597800	614199	48330	11291	0.0	4.22423840800176	0.0
Pf3D7_04_v3	934600	939199	14778	3211	0.0	4.541919053272764	0.0
Pf3D7_04_v3	950800	951199	645	143	3.737195463895338e-204	4.451308665043556	5.0157097015437424e-204
Pf3D7_04_v3	962800	993599	102270	24589	0.0	4.104605495170535	0.0
Pf3D7_04_v3	1121000	1147799	63384	18230	0.0	3.4312867047495845	0.0
Pf3D7_04_v3	1148800	1150999	3155	552	0.0	5.640587220156095	0.0
Pf3D7_04_v3	1152400	1153599	4367	803	0.0	5.36700104541123	0.0
Pf3D7_04_v3	1154600	1167799	38217	8211	0.0	4.593297485228579	0.0
Pf3D7_04_v3	1169400	1171199	2685	1093	0.0	2.4243100470035515	0.0
Pf3D7_04_v3	1173000	1200399	87345	18061	0.0	4.772657725803195	0.0
Pf3D7_05_v3	23600	28199	9741	2701	0.0	3.559122961627802	0.0
Pf3D7_05_v3	29600	42999	35874	8880	0.0	3.9868589510645775	0.0
Pf3D7_05_v3	44600	44999	452	540	1	0.8260545129881003	1
Pf3D7_05_v3	1322000	1343399	69550	14536	0.0	4.721894214469977	0.0
Pf3D7_06_v3	0	12799	38999	9040	0.0	4.25744527128504	0.0
Pf3D7_06_v3	15000	16199	3134	760	0.0	4.069578527016015	0.0
Pf3D7_06_v3	17800	24999	14273	3275	0.0	4.300985661348878	0.0
Pf3D7_06_v3	26400	32999	15410	3018	0.0	5.039035715192018	0.0
Pf3D7_06_v3	35200	40999	15073	3437	0.0	4.3279695866337455	0.0
Pf3D7_06_v3	45800	46399	461	303	1.1291787666767518e-16	1.5014896058826024	1.2519155891416162e-16
Pf3D7_06_v3	47600	48999	1948	419	0.0	4.588164315069817	0.0
Pf3D7_06_v3	50000	50399	589	157	4.5376823169772664e-151	3.7023687841862802	5.761538543547898e-151
Pf3D7_06_v3	51400	57999	9119	2340	0.0	3.8458770101796222	0.0
Pf3D7_06_v3	61600	61799	338	137	1.1337412922529229e-46	2.4347824706186305	1.3241405932419635e-46
Pf3D7_06_v3	62800	62999	304	140	1.2173359013678113e-32	2.142937876929939	1.3899432306662322e-32
Pf3D7_06_v3	74200	74399	271	116	3.956568671203514e-34	2.3055541926815417	4.55154140371532e-34
Pf3D7_06_v3	444800	445199	438	324	3.51230451291102e-09	1.3341145895604276	3.811224045924724e-09
Pf3D7_06_v3	723200	723999	929	555	1.0269816671503677e-45	1.6519114525456844	1.1948912172928234e-45
Pf3D7_06_v3	725200	736599	35263	8082	0.0	4.3059050039664415	0.0
Pf3D7_06_v3	737400	745399	20198	5861	0.0	3.4009533880020517	0.0
Pf3D7_06_v3	1302400	1304799	2746	1710	1.1364249156098972e-111	1.5847780805766116	1.4078786403912086e-111
Pf3D7_06_v3	1305800	1309999	5604	1865	0.0	2.9654002764289418	0.0
Pf3D7_06_v3	1311000	1316199	8845	2294	0.0	3.8051208716708684	0.0
Pf3D7_06_v3	1318000	1318999	1725	253	0.0	6.728722400647237	0.0
Pf3D7_06_v3	1321200	1321799	723	187	9.001624266983927e-192	3.815581408367021	1.1872832007315007e-191
Pf3D7_06_v3	1328800	1343999	38461	8502	0.0	4.464404163356429	0.0
Pf3D7_06_v3	1344800	1352199	10469	3642	0.0	2.836803744961139	0.0
Pf3D7_06_v3	1354200	1356199	1880	1164	6.036517465804207e-79	1.5939287427879136	7.301084365755287e-79
Pf3D7_06_v3	1358400	1369999	14420	6960	0.0	2.044655071246484	0.0
Pf3D7_06_v3	1371000	1372799	1760	891	1.0831179173985165e-140	1.9493911810928621	1.3639262663536874e-140
Pf3D7_06_v3	1374800	1375999	1772	821	1.9897072302094752e-176	2.1300244747611194	2.5581950102693253e-176
Pf3D7_06_v3	1377200	1411999	101103	22574	0.0	4.419972375062174	0.0
Pf3D7_06_v3	1416200	1418199	2537	1699	1.3870579471000864e-75	1.4736390506954087	1.6710225661914425e-75
Pf3D7_07_v3	200	31399	94406	22323	0.0	4.173602375135082	0.0
Pf3D7_07_v3	34200	46599	33201	7767	0.0	4.2185372930994856	0.0
Pf3D7_07_v3	48200	50999	5819	1513	0.0	3.795539036290187	0.0
Pf3D7_07_v3	53400	53799	601	115	6.572584067775337e-221	5.157516961238131	8.899162498846253e-221
Pf3D7_07_v3	54600	57199	4720	886	0.0	5.257415606344688	0.0
Pf3D7_07_v3	58800	61599	5405	899	0.0	5.9333509874746975	0.0
Pf3D7_07_v3	71000	72599	3877	770	0.0	4.969001285201778	0.0
Pf3D7_07_v3	73400	83199	26867	6917	0.0	3.8332348939715337	0.0
Pf3D7_07_v3	84800	85399	903	456	7.530482215225929e-74	1.9542806902230703	9.036578658271115e-74
Pf3D7_07_v3	89200	90799	1598	1187	8.750010543755995e-28	1.3285872772656797	9.916678616256796e-28
Pf3D7_07_v3	507000	510599	5868	2107	0.0	2.748461151823938	0.0
Pf3D7_07_v3	511600	607999	298617	61325	0.0	4.805526809241437	0.0
Pf3D7_07_v3	608800	609999	1292	878	5.880769081032023e-37	1.4522187206985349	6.7906239199841475e-37
Pf3D7_07_v3	1266400	1280799	43660	11112	0.0	3.87753326150089	0.0
Pf3D7_07_v3	1379000	1386999	20790	5148	0.0	3.9854740373064397	0.0
Pf3D7_07_v3	1387800	1389399	2870	514	0.0	5.510396010076089	0.0
Pf3D7_07_v3	1391000	1411399	57280	12516	0.0	4.516494524555035	0.0
Pf3D7_07_v3	1414600	1415799	1923	801	1.254865987693764e-240	2.369249520447624	1.7219237319923401e-240
Pf3D7_07_v3	1417600	1418799	2173	890	7.972735166118673e-281	2.4095378508265304	1.1294708152001453e-280
Pf3D7_07_v3	1419800	1432399	43258	7967	0.0	5.358406442708137	0.0
Pf3D7_07_v3	1434200	1445199	34608	7836	0.0	4.3585909022589675	0.0
Pf3D7_08_v3	0	26399	89480	17505	0.0	5.044613451020899	0.0
Pf3D7_08_v3	27200	30799	4227	2246	4.363530426814294e-292	1.8573191182124935	6.210420049326391e-292
Pf3D7_08_v3	31600	50999	62636	12720	0.0	4.859604632239354	0.0
Pf3D7_08_v3	52600	53799	4138	663	0.0	6.159436626096751	0.0
Pf3D7_08_v3	54800	61799	13343	2785	0.0	4.728161689576047	0.0
Pf3D7_08_v3	65800	71799	10667	2423	0.0	4.344631175263419	0.0
Pf3D7_08_v3	72600	72999	440	306	1.5729879360415103e-12	1.4190421097661277	1.7252125750132696e-12
Pf3D7_08_v3	76800	76999	267	128	1.8310026780324448e-26	2.058568509448014	2.0674790386639416e-26
Pf3D7_08_v3	427000	464399	119226	24382	0.0	4.825759563795828	0.0
Pf3D7_08_v3	465200	466599	2999	1104	0.0	2.6808432762675323	0.0
Pf3D7_08_v3	636600	642599	10900	4419	0.0	2.4342575721131587	0.0
Pf3D7_08_v3	1382800	1388399	6093	3964	1.3194754361071244e-203	1.5169161165777993	1.7631418491213104e-203
Pf3D7_08_v3	1392400	1419199	70047	17470	0.0	3.9569509620145062	0.0
Pf3D7_08_v3	1420000	1422599	6601	1324	0.0	4.920234262169149	0.0
Pf3D7_08_v3	1423400	1430599	16249	3109	0.0	5.157864750377555	0.0
Pf3D7_08_v3	1432400	1433999	4024	951	0.0	4.175817291864694	0.0
Pf3D7_08_v3	1435800	1472799	112719	24157	0.0	4.604878344752585	0.0
Pf3D7_09_v3	0	27999	88970	18563	0.0	4.729981685317697	0.0
Pf3D7_09_v3	29600	32599	4447	966	0.0	4.543118201138176	0.0
Pf3D7_09_v3	33400	37599	13059	2634	0.0	4.892808120124399	0.0
Pf3D7_09_v3	38600	38999	664	146	6.123362533489511e-212	4.488272914550449	8.254400595805245e-212
Pf3D7_09_v3	39800	40799	2561	664	0.0	3.8063220632255685	0.0
Pf3D7_09_v3	42200	47399	13038	3156	0.0	4.076974690562	0.0
Pf3D7_09_v3	48200	51599	8568	1744	0.0	4.8483840123562745	0.0
Pf3D7_09_v3	52600	78999	61453	14118	0.0	4.295700009025566	0.0
Pf3D7_09_v3	1447200	1455599	15612	5028	0.0	3.0642719578572026	0.0
Pf3D7_09_v3	1458800	1479399	52223	13004	0.0	3.9632264628514373	0.0
Pf3D7_09_v3	1480800	1482199	3553	899	0.0	3.9003137943566326	0.0
Pf3D7_09_v3	1483600	1489999	13375	3083	0.0	4.281385158158611	0.0
Pf3D7_09_v3	1490800	1490999	362	81	1.1250946191801404e-114	4.410497547222601	1.3995079409313941e-114
Pf3D7_09_v3	1492600	1493799	2925	741	0.0	3.8955761266905053	0.0
Pf3D7_09_v3	1495600	1541599	130060	30704	0.0	4.1803517412324025	0.0
Pf3D7_10_v3	0	36599	116983	24734	0.0	4.66758710468401	0.0
Pf3D7_10_v3	38000	39599	4541	814	0.0	5.505428544385423	0.0
Pf3D7_10_v3	40400	61399	51220	13181	0.0	3.8349106289079393	0.0
Pf3D7_10_v3	66800	66999	298	179	8.64733039104917e-16	1.6429610450146475	9.552646569173452e-16
Pf3D7_10_v3	68000	68199	396	153	3.017153833648162e-59	2.5542757975790296	3.5924088447328307e-59
Pf3D7_10_v3	81400	81799	445	288	3.4033225651557113e-17	1.5248655625540846	3.786969836136901e-17
Pf3D7_10_v3	1181000	1182799	2025	2428	1	0.823076834016569	1
Pf3D7_10_v3	1183800	1186199	2188	2769	1	0.7798092728483336	1
Pf3D7_10_v3	1187600	1189599	2155	2400	1	0.8861353583741264	1
Pf3D7_10_v3	1190400	1191199	835	1082	1	0.7615935335791112	1
Pf3D7_10_v3	1192200	1194799	2491	3465	1	0.7094707936513128	1
Pf3D7_10_v3	1196400	1197199	802	1090	1	0.7261258595536383	1
Pf3D7_10_v3	1198000	1199999	2052	2812	1	0.720155154231434	1
Pf3D7_10_v3	1201000	1202399	1354	1889	1	0.7073766820909825	1
Pf3D7_10_v3	1204400	1205599	1005	1385	1	0.7161109616284496	1
Pf3D7_10_v3	1206400	1208999	2904	3353	1	0.8547263480118314	1
Pf3D7_10_v3	1211800	1212999	1461	1574	1	0.9160296289775667	1
Pf3D7_10_v3	1217400	1222399	4948	6387	1	0.764534007248949	1
Pf3D7_10_v3	1224000	1225999	1927	2528	1	0.7522612274605457	1
Pf3D7_10_v3	1227000	1228999	2145	2713	1	0.7802639392715152	1
Pf3D7_10_v3	1230600	1231999	1573	1782	1	0.8711341840508727	1
Pf3D7_10_v3	1233600	1234999	1350	1915	1	0.6957112456021686	1
Pf3D7_10_v3	1236000	1236999	944	1235	1	0.7543433566350435	1
Pf3D7_10_v3	1241200	1241399	260	253	0.39433694539224434	1.014184245894656	0.42339335189483074
Pf3D7_10_v3	1429200	1438199	22610	6837	0.0	3.263615715011407	0.0
Pf3D7_10_v3	1543600	1545599	2401	2852	1	0.8308194825782803	1
Pf3D7_10_v3	1575000	1577999	3913	906	0.0	4.262316383974379	0.0
Pf3D7_10_v3	1578800	1579999	1783	443	0.0	3.9720220449629573	0.0
Pf3D7_10_v3	1581000	1584999	8278	2073	0.0	3.9408522550772545	0.0
Pf3D7_10_v3	1589600	1590799	1408	409	0.0	3.3973741659730856	0.0
Pf3D7_10_v3	1591600	1592199	1753	290	0.0	5.965515128812903	0.0
Pf3D7_10_v3	1593200	1593799	1549	475	0.0	3.218265290796583	0.0
Pf3D7_10_v3	1598200	1598399	251	75	6.308584118732773e-57	3.3027560085665812	7.482274187334219e-57
Pf3D7_10_v3	1599600	1600799	2784	540	0.0	5.08791098265237	0.0
Pf3D7_10_v3	1602400	1636799	102795	27127	0.0	3.7396784069597864	0.0
Pf3D7_10_v3	1638200	1638599	488	223	6.497343042523358e-52	2.159628212058258	7.646872965431336e-52
Pf3D7_10_v3	1639400	1640599	2026	749	0.0	2.6694491752705707	0.0
Pf3D7_10_v3	1642400	1643799	1962	963	1.2652555830960905e-169	2.0106512544239346	1.619950662876166e-169
Pf3D7_10_v3	1644600	1666999	60016	14589	0.0	4.059808567705979	0.0
Pf3D7_10_v3	1668800	1687599	47853	13020	0.0	3.627122461259493	0.0
Pf3D7_11_v3	0	31599	96041	21216	0.0	4.467424276575022	0.0
Pf3D7_11_v3	32600	43199	31032	6784	0.0	4.514274467188946	0.0
Pf3D7_11_v3	44000	50399	13240	2896	0.0	4.511837617082245	0.0
Pf3D7_11_v3	52000	57999	8837	3313	0.0	2.632373149812721	0.0
Pf3D7_11_v3	58800	62199	7314	1651	0.0	4.3719170766943085	0.0
Pf3D7_11_v3	66600	76999	25158	5705	0.0	4.351956014514321	0.0
Pf3D7_11_v3	78200	79599	1349	254	0.0	5.2413391970186005	0.0
Pf3D7_11_v3	82600	82799	467	136	2.1024624682563207e-107	3.3887693109926325	2.5941674003485246e-107
Pf3D7_11_v3	83800	84199	594	137	2.3364701331820438e-180	4.27887806966706	3.016708273222386e-180
Pf3D7_11_v3	85800	86399	1479	188	0.0	7.763800335895738	0.0
Pf3D7_11_v3	88400	88799	657	136	2.885809101102123e-223	4.767497724458586	3.9247003774988875e-223
Pf3D7_11_v3	93400	100199	13062	3349	0.0	3.849094424085981	0.0
Pf3D7_11_v3	101400	102599	1879	453	0.0	4.093479420131795	0.0
Pf3D7_11_v3	103400	108599	5372	1348	0.0	3.932875015816484	0.0
Pf3D7_11_v3	109800	110999	1714	766	3.120169957486813e-185	2.208239027707624	4.062859604216871e-185
Pf3D7_11_v3	1989800	1998399	22331	5682	0.0	3.878564118778336	0.0
Pf3D7_11_v3	2001600	2022999	63004	14383	0.0	4.322974518467786	0.0
Pf3D7_11_v3	2024800	2037999	45194	9130	0.0	4.885106508832951	0.0
Pf3D7_12_v3	0	21999	73238	15057	0.0	4.800230132575879	0.0
Pf3D7_12_v3	23000	24399	2022	966	7.748596531347933e-187	2.0657038458964228	1.0132780079454988e-186
Pf3D7_12_v3	26400	27399	1700	635	2.1382366727560575e-261	2.642039031855188	2.974092826651607e-261
Pf3D7_12_v3	30000	41999	34401	7887	0.0	4.304505426400104	0.0
Pf3D7_12_v3	43800	45599	2816	1146	0.0	2.4250018043333195	0.0
Pf3D7_12_v3	46400	47999	2281	891	0.0	2.526455275041374	0.0
Pf3D7_12_v3	48800	63999	45317	11028	0.0	4.055350795951444	0.0
Pf3D7_12_v3	377800	386599	21360	6642	0.0	3.1737039350719156	0.0
Pf3D7_12_v3	763400	785199	70753	13805	0.0	5.057926119659962	0.0
Pf3D7_12_v3	903600	915399	35437	8450	0.0	4.138703105055775	0.0
Pf3D7_12_v3	974400	975599	2012	2671	1	0.7433924081923108	1
Pf3D7_12_v3	1057400	1058399	809	691	2.716303154242503e-05	1.1554057046475592	2.9370627745519644e-05
Pf3D7_12_v3	1688400	1745999	171835	35902	0.0	4.723424934866172	0.0
Pf3D7_12_v3	2183600	2196399	30180	7857	0.0	3.7907619745736194	0.0
Pf3D7_12_v3	2197400	2197599	366	112	3.2543116738312954e-79	3.224980522024497	3.951664175366573e-79
Pf3D7_12_v3	2199200	2202799	8142	1704	0.0	4.715476022275178	0.0
Pf3D7_12_v3	2203600	2230199	70105	15803	0.0	4.377977112253893	0.0
Pf3D7_12_v3	2231200	2232199	1797	379	0.0	4.67921392061896	0.0
Pf3D7_12_v3	2233000	2236599	7826	1374	0.0	5.621046060961844	0.0
Pf3D7_12_v3	2238000	2239599	4316	979	0.0	4.350736461602018	0.0
Pf3D7_12_v3	2241200	2242599	2716	888	0.0	3.0184280847107634	0.0
Pf3D7_12_v3	2243400	2271399	89664	18197	0.0	4.862754533639591	0.0
Pf3D7_13_v3	0	599	1755	1366	4.729913132283464e-22	1.2679159194191791	5.301660873548498e-22
Pf3D7_13_v3	24000	26599	7108	1609	0.0	4.359687980624041	0.0
Pf3D7_13_v3	27400	28799	2265	895	0.0	2.497521320106159	0.0
Pf3D7_13_v3	30200	31999	4163	1028	0.0	3.996477106262502	0.0
Pf3D7_13_v3	32800	46799	44934	8155	0.0	5.437698811947699	0.0
Pf3D7_13_v3	47800	51999	11630	2641	0.0	4.345856149008209	0.0
Pf3D7_13_v3	53400	58999	12871	3391	0.0	3.7458340556612066	0.0
Pf3D7_13_v3	60000	61199	1930	340	0.0	5.6019912378721894	0.0
Pf3D7_13_v3	62600	64199	5284	1129	0.0	4.6188398088599945	0.0
Pf3D7_13_v3	65400	66599	1922	375	0.0	5.058085297581649	0.0
Pf3D7_13_v3	69200	71999	3995	1340	0.0	2.942225929317839	0.0
Pf3D7_13_v3	73000	80399	18047	4934	0.0	3.6096900008357995	0.0
Pf3D7_13_v3	2833200	2841399	19468	5179	0.0	3.7097057209340396	0.0
Pf3D7_13_v3	2852600	2853199	672	445	1.1658452704933218e-22	1.4902986063096442	1.3115759293049871e-22
Pf3D7_13_v3	2854600	2855399	1072	520	1.3592275846875697e-96	2.0344896038059543	1.6703760679293026e-96
Pf3D7_13_v3	2857200	2864999	19898	4399	0.0	4.463951812105375	0.0
Pf3D7_13_v3	2865800	2867399	1761	303	0.0	5.735625153924648	0.0
Pf3D7_13_v3	2868600	2879999	26812	6158	0.0	4.296883306414833	0.0
Pf3D7_13_v3	2881000	2882999	2484	854	0.0	2.8705013407538655	0.0
Pf3D7_13_v3	2884800	2924999	120250	27228	0.0	4.3584631288654485	0.0
Pf3D7_14_v3	0	5399	16609	6125	0.0	2.676094375784162	0.0
Pf3D7_14_v3	7000	12399	13103	2349	0.0	5.504929449538744	0.0
Pf3D7_14_v3	13200	30399	49146	10883	0.0	4.456599224630831	0.0
Pf3D7_14_v3	31600	33599	3417	1170	0.0	2.8821936053917687	0.0
Pf3D7_14_v3	34600	43199	20922	5292	0.0	3.9016418007804394	0.0
Pf3D7_14_v3	3147200	3154799	20195	5100	0.0	3.9078484645536746	0.0
Pf3D7_14_v3	3163600	3185599	47654	13538	0.0	3.473832579982152	0.0
Pf3D7_14_v3	3193400	3197199	7402	2186	0.0	3.341665357154616	0.0
Pf3D7_14_v3	3198200	3203999	13308	3604	0.0	3.644114742086377	0.0
Pf3D7_14_v3	3207600	3217399	19878	6185	0.0	3.171735882901048	0.0
Pf3D7_14_v3	3218800	3229599	25025	7585	0.0	3.2559860405856615	0.0
Pf3D7_14_v3	3234200	3243599	19192	5910	0.0	3.2047694155565467	0.0
Pf3D7_14_v3	3246600	3255999	25264	6397	0.0	3.897532947797342	0.0
Pf3D7_14_v3	3256800	3257799	1276	259	0.0	4.861999877245025	0.0
Pf3D7_14_v3	3258800	3260999	3457	920	0.0	3.708306184484239	0.0
Pf3D7_14_v3	3262000	3262199	365	100	1.8596878014703387e-91	3.602109391813154	2.2671891125494965e-91
Pf3D7_14_v3	3264800	3268599	6445	1349	0.0	4.714927349581279	0.0
Pf3D7_14_v3	3269600	3286999	43070	9239	0.0	4.600594309275378	0.0
Pf3D7_14_v3	3289400	3291799	2245	1644	9.905933588835735e-42	1.3476544986535564	1.1481877568877784e-41
Pf_M76611	0	5799	6474	26151	1	0.24431404129335643	1
