#chrom	start	end	Readcount_A	Normalized_Readcount_A	ReadcountB	Normalized_Readcount_B	Fc_A_vs_B	pvalue_A_vs_B	FDR_A_vs_B	Fc_B_vs_A	pvalue_B_vs_A	FDR_B_vs_A
Pf3D7_01_v3	0	37199	112388	7488.185193797468	101401	7372.640169484711	1.0156711574760213	9.871016393821661e-08	3.8807968562011185e-07	0.9845706384781423	1.0	1
Pf3D7_01_v3	39000	39999	1594	106.2049969650956	2476	180.02442835518528	0.5900794828390251	1.0	1	1.6946869516437704	3.387154156129385e-129	4.629110680043493e-128
Pf3D7_01_v3	41400	48399	6686	445.4746610468188	15031	1092.8704291626777	0.4076527625004495	1.0	1	2.453068130499661	0.0	0.0
Pf3D7_01_v3	50000	51599	1926	128.32548566798877	1867	135.7453989253356	0.9453239834795886	1.0	1	1.0578383892463594	0.00772014519706715	0.032583553993504
Pf3D7_01_v3	53200	57399	6998	466.26259018929676	6165	448.24337674059666	1.0401795391317605	0.0005125503043593988	0.0014710193735114744	0.9613724961699416	1.0	1
Pf3D7_01_v3	58400	67199	28255	1882.5735189766474	25356	1843.578112025072	1.0211478913171435	0.00022391704349569087	0.0006836616115240774	0.9792900798239268	1.0	1
Pf3D7_01_v3	68400	68599	599	39.9101588344368	591	42.97028964374576	0.9287640085098695	1.0	1	1.0766997760867405	0.035771879824069645	0.13508591459878933
Pf3D7_01_v3	71600	73199	1059	70.5590287239876	908	66.01865143235389	1.0686065101212199	0.01532825963145037	0.03547750414698594	0.9357981544456085	1.0	1
Pf3D7_01_v3	74400	77599	4001	266.57854006107124	3574	259.8575553075251	1.0258334865908842	0.052729414110084374	0.10657282992671982	0.974817076135099	1.0	1
Pf3D7_01_v3	78400	78799	617	41.10946243881053	612	44.49715272753368	0.9238550437666851	1.0	1	1.082420891401817	0.024948232498448783	0.09944642676465001
Pf3D7_01_v3	79800	79999	264	17.589786197481327	486	35.33597422480616	0.49864646699188336	1.0	1	2.005428828228873	1.0326990976244473e-43	1.0977208926600606e-42
Pf3D7_01_v3	81000	83599	3754	250.12142948994287	4971	361.4303042623692	0.6920773801143401	1.0	1	1.4449251322659715	1.7224937075678823e-132	2.601872074063064e-131
Pf3D7_01_v3	84400	84999	1414	94.21196092135834	1253	91.1028306660126	1.0340338046897228	0.10155658637623657	0.1917548703288151	0.9670863713203891	1.0	1
Pf3D7_01_v3	85800	85999	421	28.05037874674106	399	29.01039859197049	0.9667814152582067	1.0	1	1.0343599744652945	0.241321522949446	0.7781941245673145
Pf3D7_01_v3	87000	95999	23796	1585.479364982067	21393	1555.437235784523	1.0193094550981228	0.001609758827820364	0.004317764332564902	0.9810563367174261	1.0	1
Pf3D7_01_v3	521400	536399	41414	2759.331081751863	36577	2659.4319531290844	1.0375607722384246	4.2663388209091155e-14	2.354690849232531e-13	0.9637989665343735	1.0	1
Pf3D7_01_v3	542800	546599	8978	598.1859866704067	7662	557.086902284907	1.0737544571722977	1.2567074404595002e-11	6.011250590197943e-11	0.9313116172141181	1.0	1
Pf3D7_01_v3	547400	548199	2032	135.38805133818963	1836	133.49145818260106	1.0141543456232391	0.2580787994960835	0.44619647864684314	0.9860432036954485	1.0	1
Pf3D7_01_v3	549400	582799	81398	5423.384154934035	68326	4967.830812518736	1.0916980897006885	1.0369598419282775e-134	1.3527612483337076e-133	0.9160041676670615	1.0	1
Pf3D7_01_v3	587800	590199	3366	224.26977401788696	2920	212.3066764124156	1.05630027539565	0.0007801997632210179	0.0021530512696580012	0.9467005010724227	1.0	1
Pf3D7_01_v3	591000	601999	29982	1997.6400370185047	26226	1906.8338683534287	1.0476164328207342	6.354248056347461e-16	3.721773861574942e-15	0.9545478370432529	1.0	1
Pf3D7_01_v3	602800	605599	6297	419.55637759674215	3174	230.77444894965996	1.817752540447419	0.0	0.0	0.550129887181377	1.0	1
Pf3D7_01_v3	607200	608799	2577	171.70029935950527	1914	139.16266392238475	1.2336443337263348	2.895885255854484e-25	1.932835042861016e-24	0.8106064062884392	1.0	1
Pf3D7_01_v3	609600	621399	38595	2571.506811711333	36245	2635.292974852056	0.9757937794555986	1.0	1	1.0248066969210503	1.6650771657883325e-06	9.955773887109405e-06
Pf3D7_01_v3	623000	625599	6424	428.01813080537903	5494	399.45646582527786	1.071473091528098	2.1186600561645053e-08	8.941991707635485e-08	0.9332945529913722	1.0	1
Pf3D7_01_v3	627000	640799	37718	2513.0740749871243	32080	2332.465129900785	1.077427625130887	9.457839283408534e-47	7.336215876589862e-46	0.9281365881801287	1.0	1
Pf3D7_02_v3	0	31199	97228	6478.105047002707	90245	6561.5123331638515	0.9872876194656165	1.0	1	1.0128760659849703	6.222456086204148e-05	0.00033695186730954536
Pf3D7_02_v3	33000	34999	4923	328.0095357962143	4184	304.20929250326947	1.0781977359292463	8.50508466958299e-08	3.4379708453103074e-07	0.9274736596790834	1.0	1
Pf3D7_02_v3	35800	49999	43226	2880.0609779254846	39280	2855.961044342358	1.0084361236198514	0.040246041732435296	0.08431105092853233	0.9916344492008385	1.0	1
Pf3D7_02_v3	51600	52999	1805	120.2635003274765	1730	125.78443499776677	0.9560850156232852	1.0	1	1.0459320914553671	0.030797049678021347	0.11944261158908279
Pf3D7_02_v3	53800	72399	53617	3572.392297539229	47843	3478.557643698356	1.0269728498210522	4.149414644397386e-10	1.8321261583723842e-09	0.9737355765288711	1.0	1
Pf3D7_02_v3	128000	128199	235	15.657574834879213	239	17.37715604882443	0.9011074802564644	1.0	1	1.1097455319263243	0.05181825965392732	0.19066462205996335
Pf3D7_02_v3	360800	381599	12027	801.3346916557119	57064	4148.995953013043	0.19315209873708847	1.0	1	5.177267068483491	0.0	0.0
Pf3D7_02_v3	630800	630999	257	17.123390351335992	219	15.923000730931172	1.0746643909376015	0.11635168299175916	0.21683722739373298	0.9305230622999799	1.0	1
Pf3D7_02_v3	831600	831999	438	29.183054373094024	436	31.700585930073014	0.920574449441697	1.0	1	1.086278247898877	0.041213071826994345	0.153612358627888
Pf3D7_02_v3	841800	851999	22890	1525.114416895256	19135	1391.2631003943743	1.0961990886226012	5.631927411888009e-43	4.25358728213647e-42	0.9122430499887776	1.0	1
Pf3D7_02_v3	853800	853999	281	18.722461823834294	247	17.95881817598173	1.04201329728946	0.2316708185268182	0.4054239324219318	0.959680651486169	1.0	1
Pf3D7_02_v3	855400	875999	50868	3389.2319859601525	31466	2287.822561641462	1.4814046163992978	0.0	0.0	0.6750350234702253	1.0	1
Pf3D7_02_v3	877800	878999	2044	136.18758707443877	1897	137.9266319021755	0.9873541089413316	1.0	1	1.0128078578335262	0.2854153921289054	0.8622549214841668
Pf3D7_02_v3	880400	880999	931	62.03064753732999	833	60.56556899025418	1.0240606896708022	0.22711903666516003	0.39989670872945354	0.9765046252497624	1.0	1
Pf3D7_02_v3	884000	885399	2093	139.45235799745615	1909	138.79912509291145	1.0046600747131262	0.40934746067397837	0.6790908740660797	0.9953615408530523	1.0	1
Pf3D7_02_v3	886600	887399	1915	127.59257790976041	1855	134.87290573459964	0.9460048576333573	1.0	1	1.0570770244264112	0.00856919751349533	0.03564289400540811
Pf3D7_02_v3	889200	897599	20542	1368.6719245025056	19123	1390.3906072036384	0.9843758823011576	1.0	1	1.0158721053408157	0.014766726807389035	0.05969085343268526
Pf3D7_02_v3	898400	900599	6852	456.5349053982654	6231	453.04208928964437	1.0076950396310271	0.26011520607549954	0.447024336189631	0.9923637218321084	1.0	1
Pf3D7_02_v3	901600	910399	18222	1214.0950154943364	16671	1212.1111652299248	1.0016315762984451	0.4107428300344505	0.6774896104591224	0.998371081406524	1.0	1
Pf3D7_02_v3	913400	914599	2566	170.96739160127686	2201	160.02979273415298	1.0682782532759174	0.00044076932258881946	0.0012908244447243998	0.9360857032645384	1.0	1
Pf3D7_02_v3	916200	917599	2386	158.97435555753958	1889	137.34496977501817	1.1573546168265703	1.3962160159691622e-12	7.285709028784537e-12	0.8640394097549534	1.0	1
Pf3D7_02_v3	918400	946999	92593	6169.284368876472	87730	6378.652301938775	0.9671761970406888	1.0	1	1.033937769622271	4.0698065147799226e-23	3.3372413421195366e-22
Pf3D7_03_v3	200	42399	126132	8403.920123714828	100541	7310.111490815301	1.1496272218864125	0.0	0.0	0.8698471826015997	1.0	1
Pf3D7_03_v3	43200	44399	1776	118.3312889648744	1615	117.42304191988055	1.0076782969556999	0.3668757497864188	0.615750527419311	0.9923802100542438	1.0	1
Pf3D7_03_v3	46200	47399	2312	154.04388518400316	1925	139.96244934722606	1.1005130164386727	2.668543820708583e-06	9.455210821523005e-06	0.9086671262063406	1.0	1
Pf3D7_03_v3	49800	50399	1310	87.28265120719901	1130	82.15977546096904	1.0622235369475563	0.014406934144199217	0.033891722126108	0.941421428933533	1.0	1
Pf3D7_03_v3	51200	56999	11518	767.4210508431437	10375	754.3430711571274	1.0173271825210277	0.032471445114764866	0.0700699605108084	0.9829679351749067	1.0	1
Pf3D7_03_v3	58800	63999	8573	571.2016555719979	9463	688.0335886611948	0.8302035405231163	1.0	1	1.2045238922612806	2.259211126914009e-69	2.5935743736972827e-68
Pf3D7_03_v3	64800	79999	30480	2030.8207700728444	34447	2504.564411773452	0.8108509540992455	1.0	1	1.233272273954312	8.74458787650533e-310	1.9305359388900237e-308
Pf3D7_03_v3	116200	122999	17268	1150.5319244625287	16209	1178.5201773865906	0.976247665275602	1.0	1	1.0243302346005534	0.0011325168328046719	0.005242456951853884
Pf3D7_03_v3	123800	132999	31076	2070.5310449732187	24994	1817.257900771204	1.1393621299417909	1.4703628755172231e-112	1.834757153362796e-111	0.8776840775382706	1.0	1
Pf3D7_03_v3	135600	135799	263	17.523158219460566	213	15.486754135563194	1.130488079143228	0.02247077401408248	0.050383688609700564	0.8845736796781422	1.0	1
Pf3D7_03_v3	137000	137999	879	58.56599268025034	710	51.62251378521065	1.1341980728394319	0.0001132460611907787	0.0003532784734973205	0.8816802143707838	1.0	1
Pf3D7_03_v3	139600	140599	823	54.83482591108763	731	53.14937686899856	1.03155399240251	0.18026232502463585	0.32743852710171195	0.9694112061657383	1.0	1
Pf3D7_03_v3	848200	857999	31183	2077.6602386214404	29527	2146.842203571711	0.9677732711376822	1.0	1	1.0332998749019315	1.0601586412563285e-08	7.075942559082937e-08
Pf3D7_03_v3	1002600	1004799	3556	236.92908984183185	3223	234.33712947849847	1.0110314507524847	0.25271686095184187	0.4395741763222947	0.9890889143515028	1.0	1
Pf3D7_03_v3	1007000	1008199	2866	190.95578500750565	2549	185.33209526549567	1.030299160875487	0.05425817687466519	0.10889578155964272	0.9705918804692216	1.0	1
Pf3D7_03_v3	1009600	1010399	1028	68.49356140534397	842	61.21993888330614	1.1185712011386717	0.00018919253504241695	0.0005838522317975663	0.8939976274930288	1.0	1
Pf3D7_03_v3	1013400	1013599	583	38.844111186104605	502	36.49929847912076	1.0639487181381715	0.06477207482271577	0.12560530725756366	0.9398949244000436	1.0	1
Pf3D7_03_v3	1015800	1023199	19257	1283.0549727458256	18162	1320.5184441788672	0.9716266831216186	1.0	1	1.0292018708123827	5.55206617464599e-05	0.00030643134463911523
Pf3D7_03_v3	1024400	1025199	1354	90.21428224011258	992	72.12610376750558	1.250448702696	8.808390565281318e-16	5.056016184471477e-15	0.7997129333206342	1.0	1
Pf3D7_03_v3	1026200	1028999	5175	344.7997862574465	2062	149.92341327479485	2.2991688841201117	0.0	0.0	0.43493977624123015	1.0	1
Pf3D7_03_v3	1030800	1067799	108009	7196.421278044549	100332	7294.9155677433155	0.9864975287462315	1.0	1	1.0136872834044797	8.608431590886752e-06	4.9412397331689964e-05
Pf3D7_04_v3	0	599	1119	74.55670740523335	1038	75.47066099866007	0.9878211231992041	1.0	1	1.0123290305448753	0.3399895155542443	0.975769909640681
Pf3D7_04_v3	2800	2999	293	19.521997560083445	245	17.813402644192404	1.0951864373518005	0.056608752383934355	0.11204628920130456	0.9130865448060472	1.0	1
Pf3D7_04_v3	5000	17999	43345	2887.9897073099555	40346	2933.467522786069	0.9844952202153952	1.0	1	1.0157489640033117	0.0008634723111276185	0.004130275888227108
Pf3D7_04_v3	18800	37799	55662	3708.6465125916884	51727	3760.954606433227	0.9860904563410352	1.0	1	1.0141057481791045	0.0007339769987940571	0.0035703626890490575
Pf3D7_04_v3	38800	39999	1626	108.33709226176	1498	108.91623331020499	0.9946304567184456	1.0	1	1.0053985309270237	0.4116081160730713	1
Pf3D7_04_v3	42000	43599	3209	213.8091814686272	2748	199.80094067853358	1.0700550628419276	7.014028991036189e-05	0.00022618273263229057	0.934531347708528	1.0	1
Pf3D7_04_v3	44400	57799	44044	2934.5626639464685	42583	3096.1147950924296	0.9478202754889075	1.0	1	1.0550523404705359	2.84841479166715e-28	2.5546720162764753e-27
Pf3D7_04_v3	58600	64199	11840	788.8752597658292	8370	608.5640005383283	1.2962443391592193	1.0093671921356023e-161	1.3794684959186563e-160	0.7714594924662338	1.0	1
Pf3D7_04_v3	65200	75199	27615	1839.9316130433594	24519	1782.721711971239	1.0320866055283484	8.678277250449855e-08	3.459257737332095e-07	0.9689109369732372	1.0	1
Pf3D7_04_v3	76600	90199	34675	2310.325137869944	31078	2259.6119484743326	1.0224399052618722	1.883071141605366e-05	6.358134325185176e-05	0.9780525924835409	1.0	1
Pf3D7_04_v3	108400	115199	11884	791.8068907987429	10185	740.5285956371415	1.0692305227362329	2.515028836896411e-13	1.3366912522023518e-12	0.9352520141689676	1.0	1
Pf3D7_04_v3	119600	124799	8528	568.2033965610636	6628	481.90707234982557	1.17903291379287	6.016757102500152e-50	4.9337408240501245e-49	0.8481527430672542	1.0	1
Pf3D7_04_v3	150400	171799	60743	4047.183268915183	55483	4034.0449751335805	1.0032552877793814	0.21079793049792395	0.3734506546475566	0.9967552747351208	1.0	1
Pf3D7_04_v3	329200	329599	430	28.650030548927923	406	29.519352953233128	0.9704176670733424	1.0	1	1.0304841244449663	0.26349721355411726	0.8219967422829527
Pf3D7_04_v3	546000	546599	545	36.312248021315625	541	39.33490134901262	0.9231434440303262	1.0	1	1.083255269228938	0.03113022789761469	0.11912500542153888
Pf3D7_04_v3	548600	554399	7022	467.86166166179504	7541	548.2892626116528	0.853320096792356	1.0	1	1.17189317790477	2.0596211242415879e-41	2.1111116523476278e-40
Pf3D7_04_v3	555400	557599	2236	148.98015885442518	2076	150.94132199732013	0.9869731114794208	1.0	1	1.0131988281839337	0.2711789121120966	0.8279611465550184
Pf3D7_04_v3	558600	569399	11454	763.1568602498149	31086	2260.19361060149	0.3376697170708275	1.0	1	2.9614737403006335	0.0	0.0
Pf3D7_04_v3	571400	572399	609	40.57643861464443	1370	99.60963927568815	0.4077258190531049	1.0	1	2.4526285883056955	1.3977916401351812e-184	2.228701115104428e-183
Pf3D7_04_v3	582600	584599	2166	144.3162003929718	2555	185.76834186086364	0.7769156957570456	1.0	1	1.287140941367616	7.292186759946629e-35	6.976192000348942e-34
Pf3D7_04_v3	597800	614199	48330	3220.130177743457	32773	2382.8516116657865	1.3513634400648875	0.0	0.0	0.7399933802796853	1.0	1
Pf3D7_04_v3	934600	939199	14778	984.6282591908298	14346	1043.0656095248337	0.9439734605151224	1.0	1	1.0593518163681255	3.809230026736894e-12	2.666461018715826e-11
Pf3D7_04_v3	950800	951199	645	42.97504582339188	663	48.20524878816149	0.8915388486507189	1.0	1	1.1216561134867309	0.0017047770850913027	0.007644859740956311
Pf3D7_04_v3	962800	993599	102270	6814.043312183392	88667	6446.779478582074	1.0569669884150843	2.5682651515641925e-69	2.3777164467707203e-68	0.9461033418834529	1.0	1
Pf3D7_04_v3	1121000	1147799	63384	4223.147758868017	44687	3249.0919345348	1.2997846683003513	0.0	0.0	0.7693582055461838	1.0	1
Pf3D7_04_v3	1148600	1150999	3308	220.4053512926827	3035	220.66806949030183	0.9987822912067532	1.0	1	1.00121919341579	0.4690258251019315	1
Pf3D7_04_v3	1152400	1153599	4367	290.9643800166703	4151	301.80993622874564	0.9640534617811886	1.0	1	1.0372868721952375	0.009286605075870931	0.03807508081107082
Pf3D7_04_v3	1154600	1167799	38217	2546.3214360194847	36615	2662.1948482330818	0.9564733861026269	1.0	1	1.045507396786786	1.3818146326276472e-17	1.0436336830635126e-16
Pf3D7_04_v3	1169400	1171199	2685	178.8961209857476	2342	170.28158772530045	1.0505326469623315	0.005395432299664839	0.013583237456173763	0.951898070842016	1.0	1
Pf3D7_04_v3	1173000	1200399	87345	5819.62074022351	85119	6188.81232518781	0.9403450439317711	1.0	1	1.0634394326350673	6.560482512411839e-71	7.84524367109249e-70
Pf3D7_05_v3	23600	28199	9741	649.0231339002486	9007	654.8788474132285	0.9910500352972661	1.0	1	1.0090307899540605	0.19539327524662423	0.6520682557648971
Pf3D7_05_v3	29600	45599	37869	2523.1348996682595	34084	2478.1714927536896	1.0181407978750723	0.0002396123072197742	0.000723881391285002	0.98218242711329	1.0	1
Pf3D7_05_v3	69000	69399	342	22.78676848310081	400	29.08310635786515	0.783836677107149	1.0	1	1.275775973753397	1.156354693958751e-06	7.061144620556628e-06
Pf3D7_05_v3	1322000	1343399	69550	4633.97587134404	58545	4256.676154303038	1.088634225198277	2.10178226556197e-108	2.4128460408651417e-107	0.9185821801788991	1.0	1
Pf3D7_06_v3	0	12799	38999	2598.424514831721	36721	2669.9018714179156	0.9732269224840634	1.0	1	1.0275095940087653	1.1084649845469732e-07	7.069543345888474e-07
Pf3D7_06_v3	15000	16199	3134	208.81208311707002	2759	200.60072610337488	1.0408887069285246	0.012448560669920285	0.029772807602226014	0.9607175035559951	1.0	1
Pf3D7_06_v3	17800	24999	14273	950.9811302903447	13467	979.1554833034251	0.9712217917560348	1.0	1	1.0296309334162819	0.0003657141346030591	0.0019083628478377811
Pf3D7_06_v3	26400	32999	15410	1026.7371412999519	14463	1051.5724181345092	0.9763785748532211	1.0	1	1.0241928958245832	0.002062050756334413	0.009104747185661177
Pf3D7_06_v3	35200	40999	15073	1004.283512706955	13534	984.0269036183674	1.020577723094747	0.006233522749548124	0.015556704601046188	0.9798371817950834	1.0	1
Pf3D7_06_v3	45800	46399	461	30.715497867571564	345	25.08417923365869	1.223606316876124	1.1230423240556596e-05	3.883290927758726e-05	0.8172563235477628	1.0	1
Pf3D7_06_v3	47600	48999	1948	129.79130118444556	1562	113.56953032746341	1.1426907049805453	3.7350933048972335e-09	1.599957878366427e-08	0.8751274475598585	1.0	1
Pf3D7_06_v3	50000	50399	589	39.243879054229176	509	37.008252840383406	1.0601264473605465	0.07528392755394865	0.14404324805322177	0.9432837021373758	1.0	1
Pf3D7_06_v3	51400	58199	9296	619.3736836810093	9297	675.9640995226808	0.9162819316650218	1.0	1	1.0913671496095638	4.542786405450824e-17	3.3430248676009913e-16
Pf3D7_06_v3	59400	66799	3840	255.8514355997284	10076	732.6034491546231	0.3492921956862747	1.0	1	2.8629325600454423	0.0	0.0
Pf3D7_06_v3	68600	73399	1945	129.59141725038327	8180	594.7495250183424	0.21797780594296579	1.0	1	4.587623018196868	0.0	0.0
Pf3D7_06_v3	74200	74399	271	18.056182043626666	226	16.43195509219381	1.0980418186952512	0.058323242457282445	0.1138691876546943	0.9107121267824303	1.0	1
Pf3D7_06_v3	444800	445199	438	29.183054373094024	396	28.7922752942865	1.0133275425844372	0.37697102316809533	0.6290156026118799	0.9868477446587053	1.0	1
Pf3D7_06_v3	723200	723999	929	61.89739158128847	763	55.47602537762778	1.1154893379694453	0.0004819445311374049	0.0013971523276407596	0.8964675555037813	1.0	1
Pf3D7_06_v3	725200	736599	35263	2349.502388946152	31160	2265.573985277695	1.0370412227724017	5.485470545024461e-12	2.761982537582492e-11	0.9642818222082082	1.0	1
Pf3D7_06_v3	737400	745399	20198	1345.7519000633633	11114	808.0741101532833	1.6653143936229398	0.0	0.0	0.600487213603235	1.0	1
Pf3D7_06_v3	1302400	1309999	9001	599.7184301648842	8152	592.7137075732918	1.0118063481595037	0.13146057935916589	0.2434141050069717	0.9883314152149968	1.0	1
Pf3D7_06_v3	1311000	1316199	8845	589.3244655936453	7950	578.0267388625699	1.0195323607539424	0.03424823844369753	0.0733525703980686	0.9808418432745989	1.0	1
Pf3D7_06_v3	1318000	1318999	1725	114.9332620858155	1404	102.08170331610668	1.1257457103004942	6.300970884667292e-07	2.318434158845529e-06	0.8883000759852516	1.0	1
Pf3D7_06_v3	1321200	1321799	723	48.172028109011364	673	48.93232644710812	0.9843612367937639	1.0	1	1.015887219672703	0.33324477318909945	0.9660732313663791
Pf3D7_06_v3	1328800	1343999	38461	2562.578662656551	34811	2531.0300385591095	1.0124619770395986	0.007595108973231319	0.01879134720101197	0.9876914122977368	1.0	1
Pf3D7_06_v3	1344800	1352199	10469	697.5283018993638	14135	1027.7242709210598	0.6787283328742469	1.0	1	1.4733435331412301	0.0	0.0
Pf3D7_06_v3	1354200	1356199	1880	125.2605986790337	1654	120.25864478977239	1.0415176427031039	0.038319324863482905	0.08086504585161466	0.9601373601359733	1.0	1
Pf3D7_06_v3	1357000	1369999	15514	1033.666451014111	18761	1364.0703959497703	0.7577893229650472	1.0	1	1.3196279885380817	4.267102115708373e-289	8.747559337202163e-288
Pf3D7_06_v3	1371000	1372799	1760	117.2652413165422	1494	108.62540224662635	1.0794287893418517	0.0007201498117566001	0.0020066310288751866	0.926415906147657	1.0	1
Pf3D7_06_v3	1374800	1375999	1772	118.06477705279134	1502	109.20706437378365	1.0809997378089324	0.0005632318292250843	0.0016004706434415764	0.9250696045744564	1.0	1
Pf3D7_06_v3	1377200	1411999	101103	6736.288461833162	90747	6598.011631642972	1.020956196266916	2.4446989379155883e-11	1.131659024486732e-10	0.9794739516312831	1.0	1
Pf3D7_06_v3	1416200	1418199	2537	169.03518023867474	2286	166.20995283519935	1.0169539482072911	0.19492980717500177	0.3474835693119597	0.9833286962136507	1.0	1
Pf3D7_07_v3	200	31399	94406	6290.080893028115	93761	6817.1528380494865	0.9226843792585415	1.0	1	1.083794223116239	6.674615583278157e-131	9.578073362004156e-130
Pf3D7_07_v3	34200	46599	33201	2212.1154982673393	30247	2199.191795015868	1.005873610676323	0.14224987193149743	0.2600363900913361	0.994160687173835	1.0	1
Pf3D7_07_v3	47600	50999	6076	404.8315944541536	6515	473.6910948037287	0.8546415328399248	1.0	1	1.1700812113320276	2.040382999188401e-35	2.0192755888519693e-34
Pf3D7_07_v3	53400	53799	601	40.04341479047833	191	13.88718328588061	2.8732346563262263	1.0380834521431989e-108	1.2413747948545755e-107	0.3480397947303821	1.0	1
Pf3D7_07_v3	54600	57199	4720	314.48405625799955	2822	205.18131535473864	1.5324946105984505	1.3143579061473402e-165	1.886103595321433e-164	0.6525308429042321	1.0	1
Pf3D7_07_v3	58800	61599	5405	360.1242212022219	4671	339.6179744939703	1.0603495120442985	9.441728052289712e-06	3.304604818301399e-05	0.9430852644728928	1.0	1
Pf3D7_07_v3	71000	72599	3877	258.3166707864966	3600	261.74795722078636	0.9868712951961279	1.0	1	1.013303360699394	0.2115216962787126	0.6898491685453467
Pf3D7_07_v3	73400	83199	26867	1790.0938854838291	21670	1575.5772869373448	1.136140970062969	1.2930129257707818e-93	1.4272873449854398e-92	0.8801724665774323	1.0	1
Pf3D7_07_v3	84800	85399	903	60.165064152748634	414	30.101015080390432	1.9961637626755415	3.1327135752854195e-78	3.211031414667555e-77	0.5009609024560482	1.0	1
Pf3D7_07_v3	89200	90799	1598	106.47150887717865	1109	80.63291237718113	1.3200832440953612	9.947243690609888e-27	6.797283188583424e-26	0.7575279850516468	1.0	1
Pf3D7_07_v3	507000	510599	5868	390.97297502583496	5244	381.27952435161217	1.0254026856813152	0.027183458498923396	0.059103428705992535	0.9752266245875525	1.0	1
Pf3D7_07_v3	511600	607999	298617	19896.24691262607	268200	19500.222812948585	1.0203083086340377	3.278431482216977e-28	2.352274588490681e-27	0.9800959097733646	1.0	1
Pf3D7_07_v3	608800	610399	1604	106.87127674530323	1360	98.88256161674153	1.0806691284909842	0.0010051349570398282	0.0027473688825755305	0.9253526112996047	1.0	1
Pf3D7_07_v3	1266400	1280799	43660	2908.9775203864956	8378	609.1456626654856	4.775043382727702	0.0	0.0	0.20942218108786242	1.0	1
Pf3D7_07_v3	1379000	1386999	20790	1385.1956630516547	18397	1337.6047691641131	1.0355727108517037	2.6328174060026125e-07	1.0211062101658782e-06	0.9656492388424883	1.0	1
Pf3D7_07_v3	1387800	1389399	2870	191.2222969195887	2625	190.85788547349006	1.0018767639703263	0.454378514134573	0.7409467815717184	0.998126751674638	1.0	1
Pf3D7_07_v3	1391000	1411599	57442	3827.244313468646	52320	3804.070311608762	1.0060901816661507	0.07256751975153744	0.1397777058301426	0.9939466841271974	1.0	1
Pf3D7_07_v3	1413800	1415799	2307	153.71074529389935	3058	222.34034810587906	0.6914044351810729	1.0	1	1.446331479979744	7.971026430511589e-83	9.946454719812288e-82
Pf3D7_07_v3	1417600	1418799	2173	144.78259623911714	1869	135.89081445712492	1.0653535731410606	0.0016508010554587079	0.004386850952931937	0.9386555085666312	1.0	1
Pf3D7_07_v3	1419800	1432399	43258	2882.193073222149	40725	2961.0237660601456	0.9733758175990783	1.0	1	1.027352418171424	2.908322867077954e-08	1.8970196882985743e-07
Pf3D7_07_v3	1434200	1445199	34608	2305.8610633425524	32514	2364.020300299069	0.9753963500818442	1.0	1	1.025224258749883	3.789565146910193e-06	2.219602443190256e-05
Pf3D7_08_v3	0	26399	89480	5961.871473297838	83760	6090.002471336963	0.9789596886641596	1.0	1	1.02149252066196	4.266608321744563e-10	2.915515686525451e-09
Pf3D7_08_v3	27200	50999	67109	4471.336976995358	64273	4673.146237347667	0.9568144907160393	1.0	1	1.0451346731294198	5.445193385060421e-29	5.0411951661688415e-28
Pf3D7_08_v3	52600	53799	4138	275.7065730499157	3755	273.0176609344591	1.0098239727030667	0.2611489273636276	0.4461294175795305	0.990271598844331	1.0	1
Pf3D7_08_v3	54800	61799	13343	889.0171107310356	11712	851.5533541582917	1.0439837135799217	3.833113712733084e-07	1.4287060202005132e-06	0.9578693489105331	1.0	1
Pf3D7_08_v3	65800	71799	10667	710.7206415474748	9522	692.32334684898	1.02656169801668	0.0034318265872641204	0.008794055629864309	0.974125570759169	1.0	1
Pf3D7_08_v3	72600	72999	440	29.31631032913555	355	25.811256892605325	1.1351792005135235	0.0040473955600466155	0.010279668369321935	0.8809181841489235	1.0	1
Pf3D7_08_v3	76800	76999	267	17.78967013154362	194	14.1053065835646	1.2594357481550584	0.00011054269226485816	0.00034863464483532187	0.794006364727137	1.0	1
Pf3D7_08_v3	165400	165999	604	40.243298724540615	569	41.37071879406317	0.9726494657540784	1.0	1	1.0281196209003385	0.2469369806157324	0.7788012465573099
Pf3D7_08_v3	427000	464399	119226	7943.787307503444	93212	6777.236274573316	1.1721250951051692	0.0	0.0	0.8531512584928275	1.0	1
Pf3D7_08_v3	465200	466599	2999	199.81730608426707	2559	186.05917292444232	1.0738833848395366	5.371151837057968e-05	0.0001771862732454755	0.9311998063452892	1.0	1
Pf3D7_08_v3	636600	642599	10900	726.2449604263126	2807	204.0906988663187	3.5575013190915974	0.0	0.0	0.28109617124621294	1.0	1
Pf3D7_08_v3	1380800	1389399	8085	538.6872022978657	16872	1226.725426174752	0.43915442595705134	1.0	1	2.27710331694983	0.0	0.0
Pf3D7_08_v3	1392400	1419199	70047	4667.089976420359	62913	4574.263675730926	1.0202915162156492	5.730637488267233e-08	2.349561370189566e-07	0.9801120406343159	1.0	1
Pf3D7_08_v3	1420000	1422599	6601	439.811282915054	6133	445.91672823196745	0.9862967043353542	1.0	1	1.013893684937212	0.13879916550277402	0.4742304821344779
Pf3D7_08_v3	1423400	1430599	16249	1082.6380148593717	12859	934.9491616394699	1.157945795990791	9.472031024186688e-75	9.374044496350273e-74	0.8635982819423378	1.0	1
Pf3D7_08_v3	1432400	1433999	4024	268.1109835555487	1748	127.09317478387072	2.108880197710422	0.0	0.0	0.4741853051139103	1.0	1
Pf3D7_08_v3	1435800	1472799	112719	7510.239054522341	103323	7512.384495534253	0.9997136062487197	1.0	1	1.0002864757961583	0.4626015547848336	1
Pf3D7_09_v3	0	27999	88970	5927.891204507249	81538	5928.445815519022	0.999905424804284	1.0	1	1.0000945841410298	0.4884128065510835	1
Pf3D7_09_v3	29600	32599	4447	296.2946182583313	2033	147.81488806384962	2.0039628379484795	0.0	0.0	0.49901124964160104	1.0	1
Pf3D7_09_v3	33400	37599	13059	870.0947649731389	10484	762.2682176396456	1.141433398040729	7.438046265974354e-50	5.9297757731517765e-49	0.8760914142835671	1.0	1
Pf3D7_09_v3	38600	38999	664	44.240977405786374	554	40.28010230564323	1.0980054500605567	0.00806243991926183	0.01960949370193343	0.9107422918026941	1.0	1
Pf3D7_09_v3	39800	40799	2561	170.63425171117305	2290	166.500783898778	1.02477818038917	0.10580029790853093	0.19846199673038156	0.9758209328971463	1.0	1
Pf3D7_09_v3	42200	47399	13038	868.6955774347028	11855	861.9505646812285	1.0078175766026247	0.1854634103474352	0.33476728785983584	0.9922430638400076	1.0	1
Pf3D7_09_v3	48200	51599	8568	570.8685156818941	7912	575.2638437585726	0.9923498553100961	1.0	1	1.0077091205777557	0.24545336999440817	0.7827235243155016
Pf3D7_09_v3	52600	78999	61453	4094.4891333099245	56170	4083.995210303214	1.002567989423593	0.2615482818152515	0.4441677921951313	0.9974385882546785	1.0	1
Pf3D7_09_v3	1384800	1386599	615	40.976206482769	2111	153.48609380363334	0.26727764244895136	1.0	1	3.741427793351608	0.0	0.0
Pf3D7_09_v3	1387600	1388399	351	23.386420285287677	1165	84.70454726728225	0.2766431663083485	1.0	1	3.6147648732641837	5.524089050593415e-288	1.0569423716802068e-286
Pf3D7_09_v3	1389400	1391599	762	50.770519251821106	1840	133.78228924617972	0.3797926738981296	1.0	1	2.633015507477183	2.2288712289984522e-281	3.998037767015974e-280
Pf3D7_09_v3	1447200	1455599	15612	1040.195992860146	13561	985.9900132975234	1.0549659759130705	1.6416601475915738e-11	7.723876432111175e-11	0.9478978685871858	1.0	1
Pf3D7_09_v3	1458800	1479399	52223	3479.5128961782857	47426	3448.238505320282	1.0090677172499594	0.019550933055008383	0.04418202981722367	0.9910137673667017	1.0	1
Pf3D7_09_v3	1480800	1482199	3553	236.72920590776954	3287	238.99042649575688	0.9905158928712962	1.0	1	1.0095749166640946	0.2891654255953208	0.8644841369360111
Pf3D7_09_v3	1483600	1489999	13375	891.1492060277	12080	878.3098120075276	1.014610165780176	0.0464684110279037	0.09594556809358534	0.9856002174303649	1.0	1
Pf3D7_09_v3	1490800	1490999	362	24.119328043516063	107	7.779730950728927	3.080056641554582	4.114495482399332e-74	3.936200678162027e-73	0.324669353968528	1.0	1
Pf3D7_09_v3	1492600	1493799	2925	194.88683571073065	1362	99.02797714853084	1.9672261988612467	4.859693957240691e-238	7.340695609095149e-237	0.5083299523861884	1.0	1
Pf3D7_09_v3	1495600	1541599	130060	8665.634821380385	116261	8453.077570679401	1.0251446104602087	2.3053140256120337e-19	1.4383154898927253e-18	0.975472133195998	1.0	1
Pf3D7_10_v3	0	36599	116983	7794.340752802872	108187	7866.035068845893	0.9908848953170867	1.0	1	1.009198954112623	0.0013101908096719195	0.005968647021838744
Pf3D7_10_v3	38000	39599	4541	302.557648192283	4252	309.1534205841065	0.9786504063711426	1.0	1	1.0218153423223133	0.07905096944192541	0.28359535287290744
Pf3D7_10_v3	40400	61399	51220	3412.6850342234607	46149	3355.390688272797	1.0170731310108827	6.564985771671535e-05	0.00021410805868974213	0.9832134676550609	1.0	1
Pf3D7_10_v3	66800	66999	298	19.855137450187257	215	15.63216966735252	1.2685081760672452	3.0303380633592805e-05	0.00010112872374233878	0.7883275952546865	1.0	1
Pf3D7_10_v3	68000	68199	396	26.384679296221996	334	24.284393808817402	1.0859792653533509	0.048231830303055424	0.09817400919841777	0.9208278941445761	1.0	1
Pf3D7_10_v3	81400	81799	445	29.649450219239363	368	26.75645784923594	1.1076035171403695	0.015323666132371763	0.03575522097553411	0.9028501485638268	1.0	1
Pf3D7_10_v3	1429200	1438199	22610	1506.4585830494427	20476	1488.7642144591173	1.0118806086404797	0.03773811581217638	0.0802284388007009	0.9882588829758859	1.0	1
Pf3D7_10_v3	1575000	1577999	3913	260.7152779952441	3228	234.70066830797177	1.110781428176998	4.796558773672383e-11	2.1850989968951967e-10	0.9002671224357689	1.0	1
Pf3D7_10_v3	1578800	1579999	1783	118.79768481101974	1655	120.33135255566707	0.9872118304946772	1.0	1	1.0129538252179522	0.2955808691177167	0.865629688130456
Pf3D7_10_v3	1581000	1584999	8278	551.5464020558728	7602	552.7244363312273	0.9978579591521547	1.0	1	1.0021466390363467	0.4232404034441792	1
Pf3D7_10_v3	1589600	1590799	1408	93.81219305323376	1237	89.93950641169798	1.0429564686191712	0.05605543214232433	0.11172159045032697	0.9588127885375276	1.0	1
Pf3D7_10_v3	1591600	1592199	1753	116.79884547039686	1639	119.16802830135245	0.9800801077117643	1.0	1	1.020324759304363	0.20417324101762463	0.6735370134719341
Pf3D7_10_v3	1593200	1593799	1549	103.20673795416128	1302	94.66551119485108	1.090091908683367	0.0003774104827572929	0.0011166681293952893	0.9173538414827962	1.0	1
Pf3D7_10_v3	1598200	1598399	251	16.723622483211415	200	14.541553178932576	1.1488949406760893	0.013625418731570986	0.03231814195008986	0.8704016047033255	1.0	1
Pf3D7_10_v3	1599600	1600799	2784	185.4922908098031	2563	186.35000398802097	0.9953664821310401	1.0	1	1.004655087299142	0.4026259480164217	1
Pf3D7_10_v3	1602400	1636999	102881	6854.753006754078	97505	7089.370713559104	0.9669051894980708	1.0	1	1.0342275652891149	7.146533051164649e-26	6.032514663777219e-25
Pf3D7_10_v3	1638200	1638599	488	32.51445327413216	476	34.60889656585953	0.9394340855887668	1.0	1	1.0644706375256492	0.08396230376120883	0.29749606394403627
Pf3D7_10_v3	1639400	1640599	2026	134.98828347006506	3256	236.73648575302235	0.5703110991647259	1.0	1	1.7534289644101158	2.293752538283555e-189	3.872393991102237e-188
Pf3D7_10_v3	1642400	1643799	1962	130.72409287673625	1836	133.49145818260106	0.9792351108993697	1.0	1	1.0212052129968654	0.18137998422494306	0.6124241820301018
Pf3D7_10_v3	1644600	1666999	60016	3998.7447288940884	52833	3841.369395512724	1.0409661916963888	7.296899620059215e-23	4.759568615811351e-22	0.9606459921338759	1.0	1
Pf3D7_10_v3	1668800	1687599	47853	3188.348632227553	41718	3033.222577593546	1.0511390946983759	1.324857698061968e-27	9.274003886433776e-27	0.951348879557134	1.0	1
Pf3D7_11_v3	0	31599	96041	6399.017637092063	89007	6471.500118986259	0.9887989266871235	1.0	1	1.0113279586077268	0.0003949824056921408	0.0020242848291722217
Pf3D7_11_v3	32600	43199	31032	2067.5994139403056	29126	2117.686389447951	0.9763461975625922	1.0	1	1.0242268597926214	2.3237349564517985e-05	0.00013076704558856198
Pf3D7_11_v3	44000	50399	13240	882.154428994897	12151	883.4720633860486	0.9985018142574713	1.0	1	1.001500433670862	0.43229513253399415	1
Pf3D7_11_v3	52000	57999	8837	588.7914417694791	6471	470.4919531043635	1.251386087213755	3.3109055278711526e-92	3.519369949996373e-91	0.799113886767374	1.0	1
Pf3D7_11_v3	58800	62199	7314	487.31703124385774	6549	476.1631588441472	1.0234081332243814	0.023827967528116015	0.052203257103582416	0.977127274579467	1.0	1
Pf3D7_11_v3	66600	76999	25158	1676.2266710463457	22088	1605.9691330813137	1.0437419850407508	7.51688856758566e-12	3.719563825684628e-11	0.9580911895203269	1.0	1
Pf3D7_11_v3	78200	79599	1349	89.88114235000876	1201	87.32202683949012	1.0292126949543643	0.1413886218216999	0.260118810659153	0.9716164646068034	1.0	1
Pf3D7_11_v3	82600	82799	467	31.115265735696138	351	25.52042582902667	1.2183695129815832	1.4657277222102955e-05	5.0079030508851765e-05	0.8207690600799824	1.0	1
Pf3D7_11_v3	83800	84199	594	39.57701894433299	558	40.57093336922188	0.9753960475775683	1.0	1	1.025224576707622	0.27031629447716743	0.8342018980101833
Pf3D7_11_v3	85800	86399	1479	98.5427794927079	1261	91.6844927931699	1.0746775933650385	0.0028999398336304366	0.007566206656835775	0.9305116308127281	1.0	1
Pf3D7_11_v3	88400	88799	657	43.774581559641035	582	42.315919750693794	1.0342682013118938	0.18673844079791063	0.33496207818125223	0.9668672001436114	1.0	1
Pf3D7_11_v3	93400	100199	13062	870.2946489072011	11984	871.3298664816399	0.9988050329513752	1.0	1	1.0011963967032622	0.4458297120116807	1
Pf3D7_11_v3	101400	102599	1879	125.19397070101296	1719	124.9846495729255	1.0016251849914188	0.4649777725996355	0.7539470098084485	0.9983774519493209	1.0	1
Pf3D7_11_v3	103400	108599	5372	357.92549792753675	4694	341.29025310954756	1.0487140285737766	0.00026031767329831715	0.0007782413774647607	0.9535487966724099	1.0	1
Pf3D7_11_v3	109800	110999	1714	114.2003543275871	1451	105.49896831315584	1.082364006611456	0.0005675262184771334	0.0015968629872836987	0.9239035979500909	1.0	1
Pf3D7_11_v3	1873600	1880599	3707	246.98991452296698	8734	635.0296273239856	0.3890027305064531	1.0	1	2.57067604306549	0.0	0.0
Pf3D7_11_v3	1989800	1998399	22331	1487.8693771816497	19533	1420.20079122045	1.047640476444584	2.479921307946851e-12	1.2709596703227612e-11	0.9545259299199059	1.0	1
Pf3D7_11_v3	2001600	2022999	63004	4197.829127220128	57373	4171.462652674493	1.0063191109459941	0.05676368290835847	0.11158340407328	0.9937205694721888	1.0	1
Pf3D7_11_v3	2024800	2037999	45194	3011.1848386703455	43186	3139.957577926911	0.9589880328125479	1.0	1	1.0427658800570965	2.6854907039556288e-18	2.0830698163115283e-17
Pf3D7_12_v3	0	21999	73238	4879.699854284612	67836	4932.204007230351	0.9893537536987819	1.0	1	1.0107608085191129	0.0026760851644236096	0.011636915790751151
Pf3D7_12_v3	23000	24399	2022	134.721771557982	1766	128.40191456997465	1.0491441584753403	0.015452377432722991	0.03547865858553199	0.9531578591194192	1.0	1
Pf3D7_12_v3	26400	27399	1700	113.26756263529644	1278	92.92052481337916	1.218735895826649	1.1859697942175193e-15	6.673986881184863e-15	0.820522316134552	1.0	1
Pf3D7_12_v3	30000	41999	34401	2292.0690718922547	33475	2433.89246332384	0.9417290465352226	1.0	1	1.061876559589158	7.231864395097437e-28	6.28953054967565e-27
Pf3D7_12_v3	43800	63999	51076	3403.0906053884714	58005	4217.41396071992	0.8069159432786808	1.0	1	1.239286456451431	0.0	0.0
Pf3D7_12_v3	377800	386599	21360	1423.1736105234895	4529	329.2934717369282	4.321148700361059	0.0	0.0	0.2314199462555972	1.0	1
Pf3D7_12_v3	586800	586999	228	15.191178988733874	254	18.46777253724437	0.8229456150697123	1.0	1	1.2151471272075365	0.0011134005671720154	0.00523845840620276
Pf3D7_12_v3	763200	785199	70924	4725.522713144567	65325	4749.634807068853	0.9949221770736766	1.0	1	1.005103738808254	0.09640104893513686	0.33333856679981055
Pf3D7_12_v3	903600	915399	35437	2361.095657121765	29688	2158.5481538807517	1.0938290864559865	1.8234876980836747e-62	1.5858817253030744e-61	0.9142196092444448	1.0	1
Pf3D7_12_v3	1057400	1058399	809	53.90203421879695	691	50.24106623321205	1.0726419011576411	0.022688172804053105	0.05047678755630419	0.9322775838989295	1.0	1
Pf3D7_12_v3	1688400	1745999	171835	11449.018603197743	144463	10503.581984440683	1.0900096744108192	4.432789651292038e-272	7.067836832893416e-271	0.9174230499747886	1.0	1
Pf3D7_12_v3	2183600	2196399	30180	2010.8323766666156	25000	1817.694147366572	1.106246930934438	5.023727513047551e-67	4.505655613264522e-66	0.9039573101055367	1.0	1
Pf3D7_12_v3	2197400	2197599	366	24.385839955599113	330	23.99356274523875	1.016047248463687	0.3652824494538434	0.6166827234897239	0.984206198591698	1.0	1
Pf3D7_12_v3	2199200	2202799	8142	542.4849970450491	7586	551.5611120769127	0.9835358266787825	1.0	1	1.0167397799598352	0.07369140419069574	0.2677143418067048
Pf3D7_12_v3	2203600	2230199	70105	4670.954399145563	62476	4542.490382034958	1.0282787348867317	9.735593101866552e-14	5.27191550987868e-13	0.9724989597398933	1.0	1
Pf3D7_12_v3	2231200	2232199	1797	119.73047650331041	1668	121.27655351229768	0.9872091780327953	1.0	1	1.0129565468512893	0.29485602874487044	0.8724090747399775
Pf3D7_12_v3	2233000	2236599	7826	521.4305559904882	6953	505.537096265591	1.0314222149379721	0.0031482678668161984	0.008140116016002242	0.969535060925693	1.0	1
Pf3D7_12_v3	2238000	2239599	4316	287.56635313761143	3676	267.2737474287808	1.0758810357376336	9.677681624373265e-07	3.471868282743909e-06	0.9294707935012454	1.0	1
Pf3D7_12_v3	2241200	2242599	2716	180.96158830439126	2112	153.558801569528	1.1783273956332376	3.63056237213385e-17	2.1707737516716976e-16	0.8486605706579504	1.0	1
Pf3D7_12_v3	2243400	2271399	89664	5974.131021253659	84358	6133.481715341971	0.9740188538515584	1.0	1	1.026674171701815	1.3230866015898388e-14	9.493146366407094e-14
Pf3D7_13_v3	0	599	1755	116.93210142643838	1806	131.31022520576118	0.8905169549662901	1.0	1	1.1229432459686906	6.142800659700963e-07	3.832573455074297e-06
Pf3D7_13_v3	24000	26599	7108	473.59166777158066	6232	453.11479705553904	1.0451706869902198	0.00010478830347197478	0.00033415825662729736	0.95678152137973	1.0	1
Pf3D7_13_v3	27400	28799	2265	150.91237021702733	1486	108.04374011946905	1.3964480071999008	1.0967889333982045e-51	9.25818893780249e-51	0.7161025651110049	1.0	1
Pf3D7_13_v3	30200	31999	4163	277.37227250043475	1982	144.1067920032218	1.9242603901576543	0.0	0.0	0.5196801873150183	1.0	1
Pf3D7_13_v3	32800	46799	44934	2993.861564384947	40711	2960.0058573376205	1.011435381364031	0.007990329661782888	0.01960021036693751	0.988693908108485	1.0	1
Pf3D7_13_v3	47800	51999	11630	774.8833843814691	10691	777.3187251798408	0.9968594706826207	1.0	1	1.0031504233141595	0.3704224784623447	1
Pf3D7_13_v3	53400	59199	13055	869.8282530610559	14146	1028.524056345901	0.8457103029973463	1.0	1	1.182438000880235	4.149328215367469e-84	5.4129872627748346e-83
Pf3D7_13_v3	60000	61199	1930	128.59199758007182	1907	138.6537095611221	0.9274270037177449	1.0	1	1.0782519766961003	0.0005482277363482516	0.002712782074688762
Pf3D7_13_v3	62600	64199	5284	352.06223586170967	4835	351.542048100695	1.0014621342380063	0.45357611449767815	0.7438648277761922	0.9985400004772835	1.0	1
Pf3D7_13_v3	65400	66599	1922	128.05897375590573	1918	139.4534949859634	0.9182906092685179	1.0	1	1.088979882737306	0.00010938244729674691	0.0005813474513734512
Pf3D7_13_v3	69200	71999	3995	266.1787721929466	3325	241.7533215997541	1.100979083473251	9.969041279171616e-10	4.335022495639778e-09	0.9082824687688953	1.0	1
Pf3D7_13_v3	73000	80399	18047	1202.4351193407028	6326	459.9493270496374	2.614009017635263	0.0	0.0	0.3825541508286915	1.0	1
Pf3D7_13_v3	2833200	2841399	19468	1297.1134761082067	17481	1271.0044556046018	1.020536078743256	0.002310298056431715	0.006083078368769744	0.979877165373178	1.0	1
Pf3D7_13_v3	2852600	2864999	23108	1539.6393161037824	27929	2030.6551936720396	0.7582039637075729	1.0	1	1.3189063205500253	0.0	0.0
Pf3D7_13_v3	2865800	2867399	1761	117.33186929456296	1625	118.15011957882717	0.9930273189141849	1.0	1	1.0070216407474462	0.3834680969358886	1
Pf3D7_13_v3	2868600	2879999	26812	1786.4293466926872	25960	1887.4936026254484	0.9464546833855705	1.0	1	1.0565746226992	7.461366357497614e-19	5.948367068338375e-18
Pf3D7_13_v3	2881000	2882999	2484	165.50389740357434	3061	222.5584714035631	0.7436987307854557	1.0	1	1.3446305050754253	2.287926519677404e-55	2.5255188890285192e-54
Pf3D7_13_v3	2884800	2925199	120429	8023.94076506242	111274	8090.483942162717	0.9917744526405661	1.0	1	1.0082937681420747	0.002950859872108757	0.012640250496943482
Pf3D7_14_v3	0	5399	16609	1106.6240869468463	10468	761.104893385331	1.4539191816089674	0.0	0.0	0.6877961393241668	1.0	1
Pf3D7_14_v3	7000	12399	13103	873.0263960060524	10773	783.2807619832032	1.1145581882259594	1.509427610105018e-34	1.1107839079490774e-33	0.8972165029729839	1.0	1
Pf3D7_14_v3	13200	30399	49146	3274.4986078083994	44697	3249.8190121937464	1.0075921039692626	0.04666597297878849	0.0956652446065164	0.9924651017615616	1.0	1
Pf3D7_14_v3	31600	33599	3417	227.66780089694586	2850	207.2171327997892	1.0986280285299581	2.841855709794486e-08	1.1820472300159674e-07	0.9102261857801595	1.0	1
Pf3D7_14_v3	34600	43199	20922	1393.9905561503954	18520	1346.5478243691566	1.0352264434273513	3.1074518353365256e-07	1.1891182356554438e-06	0.9659722337552293	1.0	1
Pf3D7_14_v3	53400	53799	365	24.31921197757835	397	28.86498306018116	0.8427016551585026	1.0	1	1.1866595892847884	0.00039792027818372336	0.002003563505942607
Pf3D7_14_v3	1373000	1373199	240	15.990714724983025	239	17.37715604882443	0.9201987404313895	1.0	1	1.0867217657037866	0.09480502278261627	0.33181757973915693
Pf3D7_14_v3	2547200	2552399	2161	143.983060502868	7736	562.467276961112	0.25607013259829736	1.0	1	3.905180154566176	0.0	0.0
Pf3D7_14_v3	3147200	3154799	20195	1345.552016129301	17712	1287.7999495262688	1.04483827379065	2.938843283113675e-10	1.3178875347712887e-09	0.9570859195002708	1.0	1
Pf3D7_14_v3	3163600	3185599	47654	3175.0896646014216	41836	3041.802093969116	1.0438155741217263	7.121304770564339e-21	4.541809931448812e-20	0.9580236440152822	1.0	1
Pf3D7_14_v3	3193400	3197199	7402	493.1802933096849	6599	479.79854713888034	1.027873447817967	0.009047174608859513	0.021819656409602352	0.9728824128328848	1.0	1
Pf3D7_14_v3	3198200	3203999	13308	886.6851315003088	11694	850.2446143721877	1.042848047889504	7.419291908002931e-07	2.6953630096162546e-06	0.9589124724582657	1.0	1
Pf3D7_14_v3	3207600	3217399	19878	1324.4309470967191	8071	586.824378535824	2.2567799465847527	0.0	0.0	0.44310921918343327	1.0	1
Pf3D7_14_v3	3218800	3229599	25025	1667.3651499695843	21698	1577.6131043823952	1.0568845616207392	2.025461435050426e-18	1.23682432310526e-17	0.9461771288119619	1.0	1
Pf3D7_14_v3	3234200	3243599	19192	1278.724154174476	16750	1217.8550787356032	1.0499725815648135	9.935171014699417e-12	4.832871324099547e-11	0.9524058223593443	1.0	1
Pf3D7_14_v3	3246600	3255999	25264	1683.2892367165466	22435	1631.1987278467618	1.0319287323647335	3.2690930050341546e-07	1.234512753216845e-06	0.9690591691428471	1.0	1
Pf3D7_14_v3	3256800	3257799	1276	85.0172999544931	1124	81.72352886560108	1.0401936743841855	0.07765476857284509	0.14759548728746055	0.9613594320230981	1.0	1
Pf3D7_14_v3	3258800	3260999	3457	230.33292001777636	3055	222.12222480819509	1.0369253039511672	0.016471616264156313	0.037518681490578264	0.9643896201486601	1.0	1
Pf3D7_14_v3	3262000	3262199	365	24.31921197757835	306	22.24857636376684	1.0924926995214466	0.04355732340055219	0.09058660736201796	0.9153379243980654	1.0	1
Pf3D7_14_v3	3264800	3268599	6445	429.41731834381505	6055	440.24552249218374	0.9753944234153274	1.0	1	1.0252262838437363	0.026285439541120538	0.10334138559317252
Pf3D7_14_v3	3269600	3286999	43070	2869.6670133542452	39091	2842.2192765882664	1.0096547635250575	0.023043698606624703	0.05087339615462531	0.9904375595759594	1.0	1
Pf3D7_14_v3	3288400	3291799	3039	202.48242520509757	2634	191.51225536654204	1.0572283433491727	0.0011266471283555523	0.0030504502437551273	0.9458694578998137	1.0	1
