Pf3D7_01_v3	0	37199	112388	7488.185193797468	62474	4316.464249638302	1.7347837324101127	0.0	0.0	0.5764407293644106	1.0	1	
Pf3D7_01_v3	52400	54999	3616	240.92676852307758	3323	229.59328203009377	1.0493377391055738	0.001953653424787519	0.004173003715346141	0.9529820216438343	1.0	1	
Pf3D7_01_v3	58400	68599	29172	1943.6713748216869	27644	1909.9839567980478	1.0176356116650875	0.0014344722145657731	0.003191700677408845	0.9826700132513724	1.0	1	
Pf3D7_01_v3	78400	78799	617	41.10946243881053	501	34.61517733887361	1.187169025021463	1.458273742987525e-05	3.572101737409809e-05	0.8423400366109796	1.0	1	
Pf3D7_01_v3	85800	85999	421	28.05037874674106	352	24.32044395864972	1.1528307293776268	0.0019072476133014564	0.004106734780253943	0.8674300350580222	1.0	1	
Pf3D7_01_v3	521400	536399	41414	2759.331081751863	38705	2674.2124528964127	1.0318276752947524	1.10030588118479e-10	3.1932790247428144e-10	0.969154078673398	1.0	1	
Pf3D7_01_v3	587800	601999	33868	2256.556359607188	32038	2213.5749532591467	1.0194154711749903	0.00020662378280425609	0.0004797265218150989	0.9809543098726844	1.0	1	
Pf3D7_01_v3	602800	605599	6297	419.55637759674215	4387	303.10735126873954	1.3840884232784607	1.1382046562401425e-132	6.331263400335793e-132	0.7224971925069075	1.0	1	
Pf3D7_01_v3	607200	608799	2577	171.70029935950527	2193	151.51912954920124	1.133115260467409	2.311599077398145e-10	6.6365263834979e-10	0.8825227537642559	1.0	1	
Pf3D7_01_v3	609600	621399	38595	2571.506811711333	30778	2126.5188186344344	1.2092485933093566	5.1023271678556895e-287	3.585056194256498e-286	0.8269598207786995	1.0	1	
Pf3D7_01_v3	623000	625599	6424	428.01813080537903	2136	147.58087583998807	2.8993217171131653	0.0	0.0	0.3449082570235404	1.0	1	
Pf3D7_01_v3	627000	640799	37718	2513.0740749871243	10575	730.6497013145477	3.4392720227978244	0.0	0.0	0.29075920525370563	1.0	1	
Pf3D7_02_v3	200	35199	102505	6829.700887018272	89619	6191.971213438151	1.1029914499765414	1.0268226765596473e-209	6.68686962540063e-209	0.9066253414940507	1.0	1	
Pf3D7_02_v3	35800	49999	43226	2880.0609779254846	40993	2832.2953386276363	1.0168633579020323	0.0002596300755353169	0.0005975968117924967	0.9834162989835484	1.0	1	
Pf3D7_02_v3	855200	875999	51015	3399.0262987292044	42263	2920.042394955719	1.1640284768896199	8.342666229159598e-246	5.5687297079640316e-245	0.8590855119559296	1.0	1	
Pf3D7_02_v3	889200	897599	20542	1368.6719245025056	19369	1338.246247258768	1.0227324698111873	0.0006528718716789553	0.00148988709178018	0.9777728091341579	1.0	1	
Pf3D7_02_v3	898400	900599	6852	456.5349053982654	6046	417.7312618579437	1.0928701447327613	2.027022495262723e-13	6.367235367472319e-13	0.9150217935951843	1.0	1	
Pf3D7_02_v3	901600	910399	18222	1214.0950154943364	16829	1162.7521346026024	1.0441515991601713	3.394849682864151e-09	9.541314371839245e-09	0.9577153363595065	1.0	1	
Pf3D7_02_v3	913400	914599	2566	170.96739160127686	1930	133.34788875055102	1.281950906089797	5.161742174087542e-34	2.0569927768378713e-33	0.7800610735166116	1.0	1	
Pf3D7_02_v3	918400	946999	92593	6169.284368876472	73610	5085.874658511948	1.213019903341807	0.0	0.0	0.8243887814577913	1.0	1	
Pf3D7_03_v3	400	1199	1180	78.62101406449989	618	42.69896126831115	1.8398696156559922	2.768180009785111e-81	1.34382556838659e-80	0.5435167750424843	1.0	1	
Pf3D7_03_v3	2400	42399	124026	8263.601602003104	15889	1097.8054944857538	7.526969228015948	0.0	0.0	0.13285559827691662	1.0	1	
Pf3D7_03_v3	43200	44599	1955	130.2576970305909	1449	100.11455481841887	1.3008542703904415	3.04096677525692e-29	1.1599116128479965e-28	0.7687256157446888	1.0	1	
Pf3D7_03_v3	46200	47399	2312	154.04388518400316	2035	140.60256663594367	1.0955334889044697	7.177894539220505e-06	1.774535038862847e-05	0.9127972902042429	1.0	1	
Pf3D7_03_v3	49800	50399	1310	87.28265120719901	1048	72.40859451325257	1.205188564675828	2.4005860207665975e-11	7.201758062299793e-11	0.8297456757474132	1.0	1	
Pf3D7_03_v3	51200	57599	11673	777.7483874363619	10601	732.4460977433115	1.0618414827767249	6.551339731514854e-11	1.9222062728730399e-10	0.941760155560123	1.0	1	
Pf3D7_03_v3	116000	122999	17449	1162.5915884842868	14978	1034.8625273086802	1.1234154939121366	9.974442381199371e-52	4.2954453480326327e-51	0.8901426101198238	1.0	1	
Pf3D7_03_v3	848200	857999	31183	2077.6602386214404	5844	403.7746434498549	5.144878286668601	0.0	0.0	0.1943680577616769	1.0	1	
Pf3D7_03_v3	1002600	1004799	3556	236.92908984183185	2913	201.26549219189383	1.177123734457176	1.2442055357309393e-21	4.31432309143066e-21	0.8495283636950404	1.0	1	
Pf3D7_03_v3	1015800	1023199	19257	1283.0549727458256	17985	1242.622683512259	1.0325340730762	4.830766996628893e-06	1.2283950362856327e-05	0.9684910416764533	1.0	1	
Pf3D7_03_v3	1030600	1067799	108078	7201.018608527981	86646	5986.560191026033	1.2028613925900575	0.0	0.0	0.8313509820501872	1.0	1	
Pf3D7_04_v3	0	599	1119	74.55670740523335	485	33.509702613480435	2.222335133338885	7.81434033391513e-124	4.1728577383106794e-123	0.4499771366605622	1.0	1	
Pf3D7_04_v3	2800	2999	293	19.521997560083445	77	5.320097115954625	3.6348000594321563	1.2016967908385886e-75	5.629000757086021e-75	0.27511829637094926	1.0	1	
Pf3D7_04_v3	5000	17999	43345	2887.9897073099555	26427	1825.8987854978297	1.5816577994658583	0.0	0.0	0.6322480123941538	1.0	1	
Pf3D7_04_v3	18800	37799	55662	3708.6465125916884	43349	2995.07649194178	1.2382413596997566	0.0	0.0	0.8075969940484591	1.0	1	
Pf3D7_04_v3	42000	43599	3209	213.8091814686272	1947	134.52245564628123	1.5890731098363982	1.3519760213136832e-131	7.366889748790886e-131	0.6292976665516379	1.0	1	
Pf3D7_04_v3	44400	64199	56183	3743.359689140506	45462	3141.0682478640156	1.1917423251151404	0.0	0.0	0.8391075645512421	1.0	1	
Pf3D7_04_v3	934600	939199	14778	984.6282591908298	12582	869.3176871810532	1.1326315404790102	4.0810304060893276e-50	1.7295795530569054e-49	0.8828996582393264	1.0	1	
Pf3D7_04_v3	962800	993599	102270	6814.043312183392	89534	6186.098378959499	1.101507512035863	1.096495551877459e-203	6.970578865506703e-203	0.9078467364709555	1.0	1	
Pf3D7_04_v3	1152400	1153599	4367	290.9643800166703	3832	264.761196731664	1.0989339973207728	3.870025765140407e-10	1.0992519992473284e-09	0.9099727576342381	1.0	1	
Pf3D7_04_v3	1172600	1200399	87399	5823.218651036632	74998	5181.774590939805	1.1237863654581561	2.0704574228669124e-251	1.417467004885809e-250	0.8898488455964763	1.0	1	
Pf3D7_05_v3	23600	28399	9922	661.0827979220065	8737	603.6582922350074	1.0951125341966095	2.2618658291087363e-19	7.548977204650407e-19	0.9131481640228093	1.0	1	
Pf3D7_05_v3	29600	42999	35874	2390.212083516838	33212	2294.6891612348704	1.0416254993082203	8.19412055475883e-15	2.6359399856874787e-14	0.960037941337011	1.0	1	
Pf3D7_06_v3	0	12799	38999	2598.424514831721	33412	2308.507595302285	1.1255814705702982	1.6606769054495673e-116	8.366051580283668e-116	0.8884296926932621	1.0	1	
Pf3D7_06_v3	15000	16199	3134	208.81208311707002	2665	184.1306339482997	1.1339794878986906	2.4303921226005317e-12	7.458789617636114e-12	0.8818501663138899	1.0	1	
Pf3D7_06_v3	26400	32999	15410	1026.7371412999519	13871	958.3774947455405	1.0713208052438867	1.321771493927312e-17	4.3569504799826214e-17	0.933427219097411	1.0	1	
Pf3D7_06_v3	51400	57999	9119	607.5805315713343	4571	315.820310610761	1.923607294830452	0.0	0.0	0.519856627019155	1.0	1	
Pf3D7_06_v3	61600	61799	338	22.52025657101776	153	10.571102061572178	2.122788743959384	1.4075755548903008e-35	5.694282926601671e-35	0.47107843531091065	1.0	1	
Pf3D7_06_v3	444800	445199	438	29.183054373094024	369	25.49501085437996	1.1441701014439778	0.0025707076091733092	0.005447451838486298	0.87399591960843	1.0	1	
Pf3D7_06_v3	723200	723999	929	61.89739158128847	809	55.895565802692104	1.1071991110741943	0.001038221291218544	0.002329454493742448	0.903179915877831	1.0	1	
Pf3D7_06_v3	725200	736599	35263	2349.502388946152	31996	2210.6730821049896	1.062796487199758	4.8800868088663166e-30	1.8883814173439224e-29	0.9409139115944828	1.0	1	
Pf3D7_06_v3	1302400	1304799	2746	182.96042764501414	1493	103.15461031325009	1.7731107412286116	6.158550924838805e-166	3.654073548737691e-165	0.56398056632779	1.0	1	
Pf3D7_06_v3	1305800	1309999	5604	373.3831888283537	2450	169.27581732582902	2.2052615453128177	0.0	0.0	0.45346095211493354	1.0	1	
Pf3D7_06_v3	1311000	1316199	8845	589.3244655936453	5354	369.9194799846892	1.5929981029919744	0.0	0.0	0.6277471380046196	1.0	1	
Pf3D7_06_v3	1328800	1343999	38461	2562.578662656551	36602	2528.9116186775486	1.013311520978505	0.004780336651402824	0.009971483483785577	0.9868633478422797	1.0	1	
Pf3D7_06_v3	1377200	1411999	101103	6736.288461833162	57362	3963.265074875185	1.6996687147460032	0.0	0.0	0.5883499480364555	1.0	1	
Pf3D7_06_v3	1416200	1418199	2537	169.03518023867474	1037	71.64858063954476	2.3578819779187716	0.0	0.0	0.424109437777148	1.0	1	
Pf3D7_07_v3	200	31399	94406	6290.080893028115	74698	5161.046939838683	1.2187572381622327	0.0	0.0	0.8205079475120924	1.0	1	
Pf3D7_07_v3	34200	46599	33201	2212.1154982673393	31253	2159.3375995445444	1.024439784656112	5.771575513347076e-06	1.4401968804333359e-05	0.9761432687189946	1.0	1	
Pf3D7_07_v3	54600	57199	4720	314.48405625799955	4135	285.6961243437971	1.1007311809079547	3.969182424337039e-11	1.1775241192199884e-10	0.9084870287540459	1.0	1	
Pf3D7_07_v3	58600	61599	5537	368.9191143009626	5119	353.68281995547704	1.043063598049899	0.0008873448465414175	0.0020078057120894786	0.9587143122141255	1.0	1	
Pf3D7_07_v3	73400	83799	27151	1809.0162312417258	24461	1690.0635786151443	1.0703792018758997	7.332860444642609e-29	2.757568646083911e-28	0.9342483469852961	1.0	1	
Pf3D7_07_v3	84800	85399	903	60.165064152748634	727	50.23000783505212	1.1974705735155502	6.180568790918465e-08	1.683889660382888e-07	0.8350935898693416	1.0	1	
Pf3D7_07_v3	1266400	1280799	43660	2908.9775203864956	8273	571.5995251986054	5.0886896008970215	0.0	0.0	0.1965142459905046	1.0	1	
Pf3D7_07_v3	1379000	1386999	20790	1385.1956630516547	19644	1357.2465941014632	1.0205896130432541	0.0016746860121484906	0.003635294026371114	0.9798257666155755	1.0	1	
Pf3D7_07_v3	1387800	1389399	2870	191.2222969195887	2569	177.49778559594068	1.0772781912029412	3.8474720605939704e-05	9.338864001623545e-05	0.9282653340297843	1.0	1	
Pf3D7_07_v3	1419800	1432399	43258	2882.193073222149	38424	2654.7975530316953	1.085651404152103	4.056027965960487e-64	1.7753433883794264e-63	0.9211059794842738	1.0	1	
Pf3D7_07_v3	1434200	1445199	34608	2305.8610633425524	29068	2008.3712073580398	1.148118613165675	1.4250198980416443e-139	8.09532580376849e-139	0.8709901473008334	1.0	1	
Pf3D7_08_v3	52600	53799	4138	275.7065730499157	3671	253.63735730739523	1.0869774954307614	5.668560797337313e-08	1.5603151885454253e-07	0.9199822482099385	1.0	1	
Pf3D7_08_v3	54800	61799	13343	889.0171107310356	12439	859.4375068228518	1.034411765715951	4.9582455689193364e-05	0.00011926590692805971	0.9667330101450138	1.0	1	
Pf3D7_08_v3	65800	71799	10667	710.7206415474748	5224	360.9374978408697	1.9689038626786024	0.0	0.0	0.5078968145450974	1.0	1	
Pf3D7_08_v3	427000	464399	119226	7943.787307503444	114080	7882.034792053296	1.0078342092625074	0.00353948298706444	0.007441275256269335	0.9922266884865514	1.0	1	
Pf3D7_08_v3	465200	466599	2999	199.81730608426707	2659	183.71608092627727	1.087595537193909	2.6871884485492177e-06	6.965818599637292e-06	0.9194594551022955	1.0	1	
Pf3D7_08_v3	636600	642599	10900	726.2449604263126	2966	204.92737721975868	3.543044378106857	0.0	0.0	0.2822431483441725	1.0	1	
Pf3D7_08_v3	1382800	1388399	6093	405.9642700805066	1279	88.36888586111644	4.591137281701759	0.0	0.0	0.21781095590096106	1.0	1	
Pf3D7_08_v3	1392400	1419199	70047	4667.089976420359	9324	644.2153962228692	7.243937559381404	0.0	0.0	0.13804646876130652	1.0	1	
Pf3D7_08_v3	1420000	1422599	6601	439.811282915054	1604	110.8238412206652	3.9666901888336734	0.0	0.0	0.25209934539758705	1.0	1	
Pf3D7_08_v3	1423400	1430599	16249	1082.6380148593717	4895	338.20617379997265	3.200661566939455	0.0	0.0	0.3124354072074613	1.0	1	
Pf3D7_08_v3	1432400	1433999	4024	268.1109835555487	1017	70.26673723280331	3.812816509157363	0.0	0.0	0.2622733083530949	1.0	1	
Pf3D7_08_v3	1435800	1472799	112719	7510.239054522341	14853	1026.2260060165463	7.317881275832394	0.0	0.0	0.1366515747259444	1.0	1	
Pf3D7_09_v3	0	27999	88970	5927.891204507249	75627	5225.233566081824	1.134471669908618	9.82100171986057e-298	7.087047187034518e-297	0.8814675822451787	1.0	1	
Pf3D7_09_v3	29600	32599	4447	296.2946182583313	4052	279.96147420582	1.058317490378027	8.634063988600595e-05	0.00020400841459790786	0.9448960345943105	1.0	1	
Pf3D7_09_v3	33400	37599	13059	870.0947649731389	12075	834.2879568201572	1.0429124965193088	8.99594957722807e-07	2.4019185371198946e-06	0.9588532147591211	1.0	1	
Pf3D7_09_v3	1480800	1482199	3553	236.72920590776954	3133	216.4657696660499	1.0935690995785818	6.936564299526174e-08	1.8707703716903925e-07	0.9144369572854247	1.0	1	
Pf3D7_09_v3	1492600	1493799	2925	194.88683571073065	2537	175.28683614515435	1.111758613247458	8.227031320807606e-09	2.2881430860996153e-08	0.8994758287313737	1.0	1	
Pf3D7_09_v3	1495600	1541599	130060	8665.634821380385	49700	3433.880865752531	2.5235374875993024	0.0	0.0	0.396269128124315	1.0	1	
Pf3D7_10_v3	0	36599	116983	7794.340752802872	71297	4926.064468522298	1.582256608504331	0.0	0.0	0.6320087365255348	1.0	1	
Pf3D7_10_v3	38000	39599	4541	302.557648192283	3116	215.29120277031964	1.4051999522646128	8.055859242080197e-105	3.9831748474729865e-104	0.7116424949975306	1.0	1	
Pf3D7_10_v3	68000	68199	396	26.384679296221996	313	21.625849315503867	1.2192384704750656	5.5346233618938554e-05	0.00013194146764514817	0.8201840937731883	1.0	1	
Pf3D7_10_v3	81400	81799	445	29.649450219239363	346	23.905890936627276	1.2394619034633678	4.984063758188124e-06	1.2554198334304047e-05	0.806801723559029	1.0	1	
Pf3D7_10_v3	1428800	1438199	22856	1522.8490656425502	20673	1428.3424373783114	1.0661603201297207	4.485448819890498e-22	1.6183984255550848e-21	0.9379452424925447	1.0	1	
Pf3D7_10_v3	1581000	1584999	8278	551.5464020558728	7204	497.7399951082743	1.108081479688155	1.969838586193889e-20	6.657555728022383e-20	0.9024607109952129	1.0	1	
Pf3D7_10_v3	1599600	1600799	2784	185.4922908098031	2463	170.17401554021095	1.0899643532313579	3.458107187449257e-06	8.878025183162996e-06	0.9174611968137807	1.0	1	
Pf3D7_10_v3	1639400	1666999	64399	4290.775156559092	50196	3468.1505822397194	1.2371885830060587	0.0	0.0	0.808284212880667	1.0	1	
Pf3D7_10_v3	1668800	1687599	47853	3188.348632227553	17911	1237.5098629073157	2.5763328045647924	0.0	0.0	0.3881486111686278	1.0	1	
Pf3D7_11_v3	32600	50399	44706	2978.6703853962135	39705	2743.304623233486	1.0857933779305622	2.1542407006227213e-66	9.58637111777111e-66	0.9209855395378467	1.0	1	
Pf3D7_11_v3	66600	76999	25158	1676.2266710463457	23813	1645.2918522367208	1.0187997379678024	0.0015907924364578071	0.003481488365034709	0.981547170393563	1.0	1	
Pf3D7_11_v3	93400	100399	13195	879.1561699839626	10737	741.8426329091535	1.185077372739703	1.323882980779472e-80	6.312084926216412e-80	0.8438267601786754	1.0	1	
Pf3D7_11_v3	2001600	2022999	63004	4197.829127220128	58307	4028.557175843719	1.0420166766344237	5.145215352349073e-25	1.908017359829448e-24	0.9596775391636417	1.0	1	
Pf3D7_11_v3	2024400	2037999	45222	3013.050422054927	40082	2769.3523714505627	1.0879951244739132	2.5138122407862792e-70	1.1572204625688561e-69	0.9191217658107961	1.0	1	
Pf3D7_12_v3	0	21999	73238	4879.699854284612	9171	633.644294161297	7.700273637124906	0.0	0.0	0.12986551480180586	1.0	1	
Pf3D7_12_v3	23000	24399	2022	134.721771557982	1106	76.41594039280281	1.7622846590897678	1.5422911873254019e-120	8.074347980703575e-120	0.5674452165500362	1.0	1	
Pf3D7_12_v3	26400	27399	1700	113.26756263529644	748	51.68094341213065	2.190031163026165	1.0588541379173191e-180	6.425319427816459e-180	0.45661450708226875	1.0	1	
Pf3D7_12_v3	30000	41999	34401	2292.0690718922547	12146	839.1935009140894	2.731130540974433	0.0	0.0	0.3661487376737446	1.0	1	
Pf3D7_12_v3	43800	45599	2816	187.6243861064675	2339	161.60658641841388	1.160910631226801	4.8848778759256685e-15	1.5905638937465287e-14	0.8613927490208635	1.0	1	
Pf3D7_12_v3	46400	47999	2281	151.97841786535952	1789	123.60589273302371	1.2293920711790487	6.169388849734712e-22	2.167403714314695e-21	0.8134101589259071	1.0	1	
Pf3D7_12_v3	48800	63999	45317	3019.3800799668993	14963	1033.8261447536242	2.9204571218727726	0.0	0.0	0.3424121492866637	1.0	1	
Pf3D7_12_v3	377800	386599	21360	1423.1736105234895	4869	336.4097773712087	4.229805694606268	0.0	0.0	0.23641747924146314	1.0	1	
Pf3D7_12_v3	1057400	1058399	809	53.90203421879695	686	47.39722885123212	1.1369885222891782	0.00015595414332071131	0.0003652610198827186	0.8795163542958465	1.0	1	
Pf3D7_12_v3	1688400	1745999	171835	11449.018603197743	155249	10726.490352660256	1.0673585775626662	9.626489846051915e-158	5.587549541077959e-157	0.9368922694035207	1.0	1	
Pf3D7_12_v3	2199200	2202799	8142	542.4849970450491	7452	514.8748533518684	1.0536129800941099	1.4326191127001836e-06	3.787220822682664e-06	0.9491151104750806	1.0	1	
Pf3D7_12_v3	2203600	2230199	70105	4670.954399145563	66854	4619.087955714683	1.0112280181645503	0.0015708045829812012	0.003466155567404799	0.98889665044593	1.0	1	
Pf3D7_12_v3	2238000	2239599	4316	287.56635313761143	3715	256.67741280222646	1.1202994998758378	1.0926537065346062e-13	3.47307785291357e-13	0.8926184472195421	1.0	1	
Pf3D7_12_v3	2241200	2242599	2716	180.96158830439126	2061	142.39896306470757	1.2706582958807895	1.3384133405790233e-33	5.255240616685283e-33	0.7869936419899768	1.0	1	
Pf3D7_12_v3	2243400	2271399	89664	5974.131021253659	17457	1206.1420175742844	4.952862397774246	0.0	0.0	0.2019034488923794	1.0	1	
Pf3D7_13_v3	0	599	1755	116.93210142643838	923	63.77207322111843	1.8326534092392717	2.9318915208383805e-118	1.5054135308920145e-117	0.5456569119717496	1.0	1	
Pf3D7_13_v3	24000	26599	7108	473.59166777158066	5854	404.4655651532257	1.1708719813609216	9.104842703083539e-39	3.7399892334204693e-38	0.8540643348879913	1.0	1	
Pf3D7_13_v3	30200	31999	4163	277.37227250043475	3463	239.26618587728402	1.159206042425776	6.0021237739124986e-21	2.0545731379931246e-20	0.8626594094587202	1.0	1	
Pf3D7_13_v3	32800	46799	44934	2993.861564384947	40630	2807.2148807952785	1.066485692646256	7.45316052362188e-42	3.1093654059485035e-41	0.9376590861886895	1.0	1	
Pf3D7_13_v3	60000	61199	1930	128.59199758007182	1672	115.52210880358616	1.1130486098774708	1.728576647161069e-06	4.52480357639221e-06	0.8984333578297935	1.0	1	
Pf3D7_13_v3	62600	66599	7579	504.97344541935985	6761	467.132163648951	1.080990402116403	1.0272403916921776e-11	3.1167407338842204e-11	0.9250775936975603	1.0	1	
Pf3D7_13_v3	73000	80399	18047	1202.4351193407028	12112	836.8443671226289	1.436829261097809	0.0	0.0	0.6959769174215942	1.0	1	
Pf3D7_13_v3	2884800	2924999	120250	8012.014356996704	106573	7363.359869332888	1.0880910275447377	1.3350115270690259e-183	8.289490179707672e-183	0.9190407554931191	1.0	1	
Pf3D7_14_v3	0	5399	16609	1106.6240869468463	6483	447.9245402952447	2.470326885750751	0.0	0.0	0.404804726762342	1.0	1	
Pf3D7_14_v3	7000	30399	62598	4170.778168143698	58044	4010.3859350450693	1.039992910484693	9.182844341282073e-23	3.358656765920978e-22	0.9615450162385683	1.0	1	
Pf3D7_14_v3	3147200	3154799	20195	1345.552016129301	18522	1279.7251789832671	1.0514335580627217	7.542991893425599e-13	2.341835855284459e-12	0.9510824458014366	1.0	1	
Pf3D7_14_v3	3193400	3197199	7402	493.1802933096849	5787	399.83638974064183	1.2334087518147727	1.7188672172147238e-68	7.778602491463243e-68	0.8107612326640724	1.0	1	
Pf3D7_14_v3	3234200	3243599	19192	1278.724154174476	17258	1192.3926756772069	1.0723956244406738	4.990373042072342e-22	1.7765728029777535e-21	0.9324916823691508	1.0	1	
