Pf3D7_01_v3	39000	39999	1594	106.2049969650956	2437	168.37761911144705	0.6308916578688266	1.0	1	1.5850582069479788	1.5814574671290753e-99	1.0556228593086578e-98	
Pf3D7_01_v3	41400	48799	6926	461.46537577180186	16015	1106.5111079482251	0.41707957877826907	1.0	1	2.397623980846176	0.0	0.0	
Pf3D7_01_v3	50000	51599	1926	128.32548566798877	2125	146.82086196628026	0.8740700778393357	1.0	1	1.1440730272702593	5.809778977468757e-10	1.988732034595074e-09	
Pf3D7_01_v3	70200	77599	5655	376.78121570741257	6992	483.09245499681487	0.7799624078011761	1.0	1	1.282113073653307	5.5802534508601206e-89	3.5474468366182195e-88	
Pf3D7_01_v3	79800	79999	264	17.589786197481327	692	47.81178187325455	0.36875714005194155	1.0	1	2.711811898365261	2.4746422925730297e-113	1.7857553840999971e-112	
Pf3D7_01_v3	80800	83599	3795	252.85317658879407	5066	350.02093492761213	0.7224421862667121	1.0	1	1.384193806798014	3.046737442234552e-107	2.085843325837501e-106	
Pf3D7_01_v3	98800	101799	2386	158.97435555753958	2985	206.2401284561631	0.7708864540935197	1.0	1	1.2972079022660912	1.1081254347520622e-42	5.68979790536155e-42	
Pf3D7_01_v3	542800	582799	93127	6204.863709139559	92809	6412.375236813414	0.967638862620885	1.0	1	1.0334434039693938	1.0387155167900506e-23	4.333391296608492e-23	
Pf3D7_02_v3	839000	853999	25808	1719.5348567598414	27051	1869.0122997881635	0.920024934246439	1.0	1	1.0869270633616748	5.488964672719122e-42	2.765195410596237e-41	
Pf3D7_02_v3	877800	878999	2044	136.18758707443877	2286	157.94470139054903	0.8622931706272711	1.0	1	1.159698388046556	2.105859365128277e-12	7.70225274642808e-12	
Pf3D7_02_v3	880400	881599	1116	74.35682347117107	1607	111.0311177316764	0.6698767852448769	1.0	1	1.4928118454417625	1.0230280548052625e-51	5.462969812660102e-51	
Pf3D7_03_v3	58800	79999	39316	2619.545583864303	48812	3372.52701849321	0.7767346358372345	1.0	1	1.2874409790186712	0.0	0.0	
Pf3D7_03_v3	1009600	1010399	1028	68.49356140534397	1149	79.38690371729695	0.8628699271521554	1.0	1	1.1589232264710316	4.715748489956317e-07	1.5738810585229209e-06	
Pf3D7_03_v3	1011800	1012599	221	14.724783142588537	667	46.08447761482773	0.32048249332522316	1.0	1	3.120295244911265	2.986666930792102e-136	2.278400201489975e-135	
Pf3D7_03_v3	1013400	1014999	1022	68.09379353721938	1618	111.79113160538421	0.6093356442045134	1.0	1	1.6411316316567994	3.1747269400847375e-76	1.8836713177836107e-75	
Pf3D7_03_v3	1024400	1029199	6942	462.53142342013405	8285	572.4286312426503	0.8080347440341639	1.0	1	1.2375705467903986	1.0522510223306596e-78	6.385250521870139e-78	
Pf3D7_04_v3	98400	101999	1753	116.79884547039686	7609	525.722324094789	0.2222658450351901	1.0	1	4.499116811409669	0.0	0.0	
Pf3D7_04_v3	108400	125599	22572	1503.9267198846537	33820	2336.6972007998106	0.6436216374685133	1.0	1	1.5537078646597258	0.0	0.0	
Pf3D7_04_v3	127200	132799	4426	294.89543071989533	6384	441.08441543187445	0.668615467439247	1.0	1	1.4956279785598345	4.3715043252893164e-200	3.536944408643174e-199	
Pf3D7_04_v3	545800	569399	23041	1535.1752415763913	69372	4793.062040623432	0.32030041052925806	1.0	1	3.122069054946323	0.0	0.0	
Pf3D7_04_v3	571200	572399	687	45.773420900263915	2595	179.29418202470458	0.2555709862233987	1.0	1	3.9128072195405	0.0	0.0	
Pf3D7_04_v3	582600	584799	2284	152.1783017994218	6547	452.3464391968173	0.33651570121249735	1.0	1	2.9716295447639056	0.0	0.0	
Pf3D7_04_v3	1121000	1150999	67001	4464.141155369116	67887	4690.460167672879	0.9517492666693983	1.0	1	1.0506968957270153	1.0265798287258261e-37	4.9835784412690106e-37	
Pf3D7_04_v3	1154600	1168199	38291	2551.251906393021	40277	2782.8253446662916	0.9167859551550853	1.0	1	1.0907671462209934	1.54860278698636e-66	8.797381789901237e-66	
Pf3D7_04_v3	1169000	1171399	2959	197.15218696343658	6222	429.8914838372686	0.4586904612807307	1.0	1	2.180119458355105	0.0	0.0	
Pf3D7_05_v3	1318400	1343399	71493	4763.434032638381	71730	4955.98137827825	0.9611485373322364	1.0	1	1.0404219131161554	2.656169761327996e-26	1.1626185676632376e-25	
Pf3D7_06_v3	17600	24999	14457	963.2406782461651	14339	990.7126304632907	0.9722699603940903	1.0	1	1.0285209260138715	0.00039356544610265895	0.0012509758822548801	
Pf3D7_06_v3	43600	44799	379	25.25200366986903	947	65.43028530920819	0.38654766842320787	1.0	1	2.5870030572921734	7.782225403416053e-142	6.111335831506135e-141	
Pf3D7_06_v3	45800	48999	2499	166.50331707388577	4194	289.7725623936844	0.5746929139721489	1.0	1	1.7400597357086298	3.4338868628826716e-237	2.865149351217729e-236	
Pf3D7_06_v3	1318000	1319799	1823	121.46280393185023	2001	138.2534328444832	0.8785946605359467	1.0	1	1.1381812853153417	6.542408569223196e-09	2.2111684658007515e-08	
Pf3D7_06_v3	1321200	1321799	723	48.172028109011364	816	56.37921099505162	0.8545634391470901	1.0	1	1.170188138399725	5.330548640575997e-06	1.7571067741157917e-05	
Pf3D7_06_v3	1344800	1352199	10469	697.5283018993638	15688	1083.9179682480021	0.6435454401163831	1.0	1	1.5538918274662208	0.0	0.0	
Pf3D7_06_v3	1354000	1370199	18327	1221.0909531865166	39772	2747.93379864607	0.444380020576231	1.0	1	2.250326193115731	0.0	0.0	
Pf3D7_06_v3	1371000	1372999	1945	129.59141725038327	2309	159.5338213083017	0.8123789372163149	1.0	1	1.230952643142847	2.0489047300949822e-22	8.416270199005543e-22	
Pf3D7_07_v3	47600	50999	6076	404.8315944541536	7138	493.1799118660275	0.8208799594501025	1.0	1	1.2182049135051218	5.235234534672345e-59	2.912099209911492e-58	
Pf3D7_07_v3	69400	69599	150	9.994196703114392	300	20.727651101121918	0.4837692397223759	1.0	1	2.0671012497071475	5.6602054597283504e-30	2.561482809741474e-29	
Pf3D7_07_v3	89200	90799	1598	106.47150887717865	1888	130.44601759639394	0.8162896774604449	1.0	1	1.225055305257682	6.084974517240639e-18	2.3892473472106625e-17	
Pf3D7_07_v3	91800	92999	1014	67.56076971305329	1188	82.0814983604428	0.8232125570142514	1.0	1	1.2147530932071144	3.525453169806278e-11	1.255061328451035e-10	
Pf3D7_07_v3	1413800	1415799	2307	153.71074529389935	3086	213.21843766020746	0.7209862357827256	1.0	1	1.3869890302612617	5.390929497585716e-67	3.12908299098997e-66	
Pf3D7_08_v3	0	50999	156805	10447.600093545681	171162	11825.9540592341	0.8834471730492898	1.0	1	1.1319295941017262	0.0	0.0	
Pf3D7_08_v3	75800	85599	5215	347.464905378277	20586	1422.3314185589861	0.24432748071645735	1.0	1	4.092867478793769	0.0	0.0	
Pf3D7_08_v3	1311600	1313999	1258	83.81799635011937	2803	193.6653534548158	0.43298766028651564	1.0	1	2.3095346397130165	0.0	0.0	
Pf3D7_09_v3	1447000	1457399	16656	1109.755601913822	21107	1458.3284393046013	0.7609874577677277	1.0	1	1.314082104498002	1.240481417e-315	1.142098408e-314	
Pf3D7_09_v3	1483600	1489999	13375	891.1492060277	13356	922.7950270219478	0.9657064517642493	1.0	1	1.0355113587292493	2.968841385686917e-05	9.550369276848275e-05	
Pf3D7_09_v3	1490800	1490999	362	24.119328043516063	403	27.844144645840444	0.86646905841889	1.0	1	1.1541093017502249	0.0021876442625807036	0.00679187230359358	
Pf3D7_10_v3	1570000	1571999	1552	103.40662188822357	3171	219.09127213885867	0.47213486887739536	1.0	1	2.118038861179053	9.41560618142874e-310	8.109570485295077e-309	
Pf3D7_10_v3	1572800	1573599	268	17.85629810956438	520	35.927928575277996	0.49790026275350585	1.0	1	2.0084343689030493	8.600098915876165e-47	4.502404726546934e-46	
Pf3D7_10_v3	1589600	1594599	5484	365.3878314658621	5955	411.4438743572701	0.8880751985232177	1.0	1	1.1260307704380241	1.2130594222546185e-19	4.907376753666412e-19	
Pf3D7_10_v3	1598200	1598399	251	16.723622483211415	352	24.32044395864972	0.6884202459790567	1.0	1	1.4526010904543067	1.4456774435917966e-11	5.216160505932563e-11	
Pf3D7_10_v3	1602400	1637399	103005	6863.014876028653	102547	7085.194791555832	0.9686416224765014	1.0	1	1.0323735598345707	1.6417514851580547e-24	7.070123331245171e-24	
Pf3D7_10_v3	1638200	1638599	488	32.51445327413216	610	42.14622390561457	0.7717834255589772	1.0	1	1.2957002792275996	3.390205295387843e-10	1.1755646933357847e-09	
Pf3D7_11_v3	0	31599	96041	6399.017637092063	93951	6491.278495338352	0.9857867228345394	1.0	1	1.0144182071397672	5.947694812639109e-06	1.936627457286149e-05	
Pf3D7_11_v3	52000	62199	16230	1081.3720832769773	20703	1430.4152024884236	0.7559948160863752	1.0	1	1.3227603929571736	0.0	0.0	
Pf3D7_11_v3	64600	64999	372	24.785607823723694	486	33.578794783817514	0.7385972211451421	1.0	1	1.3539179018972907	7.58842400715953e-11	2.665933170936309e-10	
Pf3D7_11_v3	78200	79599	1349	89.88114235000876	1601	110.61656470965397	0.8126416092516286	1.0	1	1.230554759460215	4.2924625181251867e-16	1.6609963657093114e-15	
Pf3D7_11_v3	82600	84199	1351	90.01439830605028	1704	117.7330582543725	0.7646806612553664	1.0	1	1.3077354386840554	1.1502862990043994e-26	5.118774030569577e-26	
Pf3D7_11_v3	85000	86799	2030	135.2547953821481	2367	163.54116718785193	0.8270961973351079	1.0	1	1.2090492051855464	1.4820195698278091e-19	5.90595858423918e-19	
Pf3D7_11_v3	103400	110999	7489	498.9769273974912	8233	568.8358383851225	0.8772002641781689	1.0	1	1.1399905367526078	1.2486858210073728e-31	5.748260589809802e-31	
Pf3D7_11_v3	136600	137399	428	28.516774592886396	768	53.06278681887211	0.5379708588268128	1.0	1	1.8588367447648806	2.446521671216346e-55	1.333104665744417e-54	
Pf3D7_11_v3	1651600	1654399	1683	112.13488700894348	2645	182.74879054155826	0.6137338061385593	1.0	1	1.6293708933710513	8.095059916233684e-120	6.003836104539982e-119	
Pf3D7_11_v3	1839400	1850599	5080	338.47012834547405	23343	1612.8185321782964	0.20989481921297107	1.0	1	4.764291008942645	0.0	0.0	
Pf3D7_11_v3	1982800	1998399	25606	1706.0760051996474	33528	2316.5222870613857	0.7364883805030369	1.0	1	1.3577946733076482	0.0	0.0	
Pf3D7_12_v3	825000	829999	2074	138.18642641506165	9772	675.168688533878	0.2047472140094062	1.0	1	4.8840713405461	0.0	0.0	
Pf3D7_12_v3	903600	915999	35895	2391.611271055274	35981	2486.005380898226	0.9620298687517779	1.0	1	1.039468765452665	1.447280160783441e-13	5.520340041845411e-13	
Pf3D7_12_v3	2162200	2169799	3596	239.59420896266235	16097	1112.176665915865	0.21547471428711776	1.0	1	4.640915771989425	0.0	0.0	
Pf3D7_12_v3	2197200	2197599	528	35.179572394962655	679	46.91358365887261	0.7501956785328614	1.0	1	1.332985551124041	3.375197815772756e-13	1.2692645307201773e-12	
Pf3D7_13_v3	53400	59199	13055	869.8282530610559	12925	893.0163016066692	0.9740332638966884	1.0	1	1.026658982876447	0.0014231549652104463	0.004470380890719872	
Pf3D7_13_v3	69200	71999	3995	266.1787721929466	4628	319.75856431997414	0.8324652192141895	1.0	1	1.201251387948623	4.310304816112953e-34	2.0190375191265938e-33	
Pf3D7_13_v3	85400	88599	1288	85.81683569074224	2984	206.171036285826	0.41642460326055203	1.0	1	2.4013950957031027	0.0	0.0	
Pf3D7_13_v3	89600	90999	837	55.767617603378305	1396	96.452669790554	0.5784627678473393	1.0	1	1.7287197302625839	5.564964931779522e-79	3.4554549692677495e-78	
Pf3D7_13_v3	117800	125599	3016	200.94998171062005	16128	1114.3185231963143	0.18038302554403668	1.0	1	5.5437588818792225	0.0	0.0	
Pf3D7_13_v3	2822200	2841399	24091	1605.1346184981921	36133	2496.5073907894607	0.6429609737303854	1.0	1	1.555304351052779	0.0	0.0	
Pf3D7_13_v3	2842600	2844599	901	60.03180819670711	1609	111.16930207235055	0.5402670236646149	1.0	1	1.850936585425907	8.478539765959556e-112	5.9572897829242144e-111	
Pf3D7_13_v3	2845800	2846999	310	20.654673186436412	1159	80.07782542066768	0.25854146094799807	1.0	1	3.8678515868723116	1.1545670579496e-311	1.0275646815752e-310	
Pf3D7_13_v3	2850400	2851199	142	9.46117287894829	1058	73.0995162166233	0.13021705710979514	1.0	1	7.6794854851989935	0.0	0.0	
Pf3D7_13_v3	2852600	2864999	23108	1539.6393161037824	30153	2083.336212173764	0.7390333224511657	1.0	1	1.3531189590792485	0.0	0.0	
Pf3D7_13_v3	2868600	2879999	26812	1786.4293466926872	27003	1865.6958756119839	0.9575139449606916	1.0	1	1.0443712128297542	6.847883401179882e-13	2.5394234279375393e-12	
Pf3D7_13_v3	2881000	2882999	2484	165.50389740357434	3082	212.94206897885917	0.7772856806579586	1.0	1	1.2865282673849308	1.7572398713490672e-41	8.688574919448165e-41	
Pf3D7_14_v3	31200	33599	3577	238.32827738026788	4055	280.16875071683125	0.8506877690115291	1.0	1	1.175519428429031	5.0775992203927835e-24	2.151934907690275e-23	
Pf3D7_14_v3	34600	43199	20922	1393.9905561503954	20565	1420.8804829819076	0.9810743523246086	1.0	1	1.0192907373743365	0.003110542035540842	0.009546146247004653	
Pf3D7_14_v3	941400	944999	1542	102.74034210801594	3987	275.4704831339103	0.3731114485914357	1.0	1	2.6801643417139407	0.0	0.0	
Pf3D7_14_v3	994200	1003599	3864	257.4505070722267	18398	1271.1577498614702	0.20257370796124535	1.0	1	4.9364747778192	0.0	0.0	
Pf3D7_14_v3	3087800	3111999	14448	962.6410264439781	57405	3966.236038199679	0.24272153119298415	1.0	1	4.119947641583208	0.0	0.0	
Pf3D7_14_v3	3161800	3185599	48872	3256.2425418307103	51573	3563.290500793869	0.9138311991409059	1.0	1	1.0942940019339473	1.0134541961595056e-90	6.599811472550927e-90	
Pf3D7_14_v3	3198200	3217599	34877	2323.7839894301374	47135	3256.6594488379387	0.7135536745376694	1.0	1	1.4014362698754608	0.0	0.0	
Pf3D7_14_v3	3261800	3262199	428	28.516774592886396	684	47.25904451055798	0.6039410079384221	1.0	1	1.6557908584706673	1.2923874258243289e-34	6.1619186195552825e-34	
Pf3D7_14_v3	3269600	3291799	47159	3142.1088154811437	54705	3779.687178289582	0.8313169470783963	1.0	1	1.2029106389740136	0.0	0.0	
