#chrom	start	end	Readcount_A	Normalized_Readcount_A	ReadcountB	Normalized_Readcount_B	Fc_A_vs_B	pvalue_A_vs_B	FDR_A_vs_B	Fc_B_vs_A	pvalue_B_vs_A	FDR_B_vs_A
Pf3D7_01_v3	0	37199	112388	7488.185193797468	62474	4316.464249638302	1.7347837324101127	0.0	0.0	0.5764407293644106	1.0	1
Pf3D7_01_v3	39000	39999	1594	106.2049969650956	2437	168.37761911144705	0.6308916578688266	1.0	1	1.5850582069479788	1.5814574671290753e-99	1.0556228593086578e-98
Pf3D7_01_v3	41400	48799	6926	461.46537577180186	16015	1106.5111079482251	0.41707957877826907	1.0	1	2.397623980846176	0.0	0.0
Pf3D7_01_v3	50000	51599	1926	128.32548566798877	2125	146.82086196628026	0.8740700778393357	1.0	1	1.1440730272702593	5.809778977468757e-10	1.988732034595074e-09
Pf3D7_01_v3	52400	54999	3616	240.92676852307758	3323	229.59328203009377	1.0493377391055738	0.001953653424787519	0.004173003715346141	0.9529820216438343	1.0	1
Pf3D7_01_v3	55800	57399	3099	206.48010388634333	3077	212.59660812717382	0.97122729041596	1.0	1	1.0296251041007274	0.052233059085324676	0.14230843648756825
Pf3D7_01_v3	58400	68599	29172	1943.6713748216869	27644	1909.9839567980478	1.0176356116650875	0.0014344722145657731	0.003191700677408845	0.9826700132513724	1.0	1
Pf3D7_01_v3	70200	77599	5655	376.78121570741257	6992	483.09245499681487	0.7799624078011761	1.0	1	1.282113073653307	5.5802534508601206e-89	3.5474468366182195e-88
Pf3D7_01_v3	78400	78799	617	41.10946243881053	501	34.61517733887361	1.187169025021463	1.458273742987525e-05	3.572101737409809e-05	0.8423400366109796	1.0	1
Pf3D7_01_v3	79800	79999	264	17.589786197481327	692	47.81178187325455	0.36875714005194155	1.0	1	2.711811898365261	2.4746422925730297e-113	1.7857553840999971e-112
Pf3D7_01_v3	80800	83599	3795	252.85317658879407	5066	350.02093492761213	0.7224421862667121	1.0	1	1.384193806798014	3.046737442234552e-107	2.085843325837501e-106
Pf3D7_01_v3	84400	84999	1414	94.21196092135834	1296	89.54345275684668	1.052069093406362	0.02787553074802071	0.055960651952793455	0.9505079146106516	1.0	1
Pf3D7_01_v3	85800	85999	421	28.05037874674106	352	24.32044395864972	1.1528307293776268	0.0019072476133014564	0.004106734780253943	0.8674300350580222	1.0	1
Pf3D7_01_v3	87000	95999	23796	1585.479364982067	22888	1581.3815946749282	1.0025895882488705	0.3433411899926298	0.6278910803289873	0.997417100397588	1.0	1
Pf3D7_01_v3	98800	101799	2386	158.97435555753958	2985	206.2401284561631	0.7708864540935197	1.0	1	1.2972079022660912	1.1081254347520622e-42	5.68979790536155e-42
Pf3D7_01_v3	521400	536399	41414	2759.331081751863	38705	2674.2124528964127	1.0318276752947524	1.10030588118479e-10	3.1932790247428144e-10	0.969154078673398	1.0	1
Pf3D7_01_v3	542800	582799	93127	6204.863709139559	92809	6412.375236813414	0.967638862620885	1.0	1	1.0334434039693938	1.0387155167900506e-23	4.333391296608492e-23
Pf3D7_01_v3	587800	601999	33868	2256.556359607188	32038	2213.5749532591467	1.0194154711749903	0.00020662378280425609	0.0004797265218150989	0.9809543098726844	1.0	1
Pf3D7_01_v3	602800	605599	6297	419.55637759674215	4387	303.10735126873954	1.3840884232784607	1.1382046562401425e-132	6.331263400335793e-132	0.7224971925069075	1.0	1
Pf3D7_01_v3	607200	608799	2577	171.70029935950527	2193	151.51912954920124	1.133115260467409	2.311599077398145e-10	6.6365263834979e-10	0.8825227537642559	1.0	1
Pf3D7_01_v3	609600	621399	38595	2571.506811711333	30778	2126.5188186344344	1.2092485933093566	5.1023271678556895e-287	3.585056194256498e-286	0.8269598207786995	1.0	1
Pf3D7_01_v3	623000	625599	6424	428.01813080537903	2136	147.58087583998807	2.8993217171131653	0.0	0.0	0.3449082570235404	1.0	1
Pf3D7_01_v3	627000	640799	37718	2513.0740749871243	10575	730.6497013145477	3.4392720227978244	0.0	0.0	0.29075920525370563	1.0	1
Pf3D7_02_v3	200	35199	102505	6829.700887018272	89619	6191.971213438151	1.1029914499765414	1.0268226765596473e-209	6.68686962540063e-209	0.9066253414940507	1.0	1
Pf3D7_02_v3	35800	49999	43226	2880.0609779254846	40993	2832.2953386276363	1.0168633579020323	0.0002596300755353169	0.0005975968117924967	0.9834162989835484	1.0	1
Pf3D7_02_v3	51600	72399	55720	3712.5109353168928	53744	3713.2896025956547	0.999789642871781	1.0	1	1.0002104013876507	0.47946639660872914	1
Pf3D7_02_v3	630800	630999	257	17.123390351335992	249	17.203950413931192	0.9951934203539146	1.0	1	1.0048297944377245	0.45371251338628277	1
Pf3D7_02_v3	839000	853999	25808	1719.5348567598414	27051	1869.0122997881635	0.920024934246439	1.0	1	1.0869270633616748	5.488964672719122e-42	2.765195410596237e-41
Pf3D7_02_v3	855200	875999	51015	3399.0262987292044	42263	2920.042394955719	1.1640284768896199	8.342666229159598e-246	5.5687297079640316e-245	0.8590855119559296	1.0	1
Pf3D7_02_v3	877800	878999	2044	136.18758707443877	2286	157.94470139054903	0.8622931706272711	1.0	1	1.159698388046556	2.105859365128277e-12	7.70225274642808e-12
Pf3D7_02_v3	880400	881599	1116	74.35682347117107	1607	111.0311177316764	0.6698767852448769	1.0	1	1.4928118454417625	1.0230280548052625e-51	5.462969812660102e-51
Pf3D7_02_v3	884000	885799	2194	146.18178377755316	2215	153.03915729661685	0.9551961586964616	1.0	1	1.0469053826228545	0.015562135426233976	0.04516402346526599
Pf3D7_02_v3	886600	887399	1915	127.59257790976041	1773	122.50041800763054	1.041524973889701	0.03708017069592371	0.07333633759860467	0.9601306018283738	1.0	1
Pf3D7_02_v3	889200	897599	20542	1368.6719245025056	19369	1338.246247258768	1.0227324698111873	0.0006528718716789553	0.00148988709178018	0.9777728091341579	1.0	1
Pf3D7_02_v3	898400	900599	6852	456.5349053982654	6046	417.7312618579437	1.0928701447327613	2.027022495262723e-13	6.367235367472319e-13	0.9150217935951843	1.0	1
Pf3D7_02_v3	901600	910399	18222	1214.0950154943364	16829	1162.7521346026024	1.0441515991601713	3.394849682864151e-09	9.541314371839245e-09	0.9577153363595065	1.0	1
Pf3D7_02_v3	913400	914599	2566	170.96739160127686	1930	133.34788875055102	1.281950906089797	5.161742174087542e-34	2.0569927768378713e-33	0.7800610735166116	1.0	1
Pf3D7_02_v3	916200	917599	2386	158.97435555753958	2340	161.67567858875097	0.9832836189334686	1.0	1	1.0170005690572401	0.2042278091583025	0.5048965281969144
Pf3D7_02_v3	918400	946999	92593	6169.284368876472	73610	5085.874658511948	1.213019903341807	0.0	0.0	0.8243887814577913	1.0	1
Pf3D7_03_v3	400	1199	1180	78.62101406449989	618	42.69896126831115	1.8398696156559922	2.768180009785111e-81	1.34382556838659e-80	0.5435167750424843	1.0	1
Pf3D7_03_v3	2400	42399	124026	8263.601602003104	15889	1097.8054944857538	7.526969228015948	0.0	0.0	0.13285559827691662	1.0	1
Pf3D7_03_v3	43200	44599	1955	130.2576970305909	1449	100.11455481841887	1.3008542703904415	3.04096677525692e-29	1.1599116128479965e-28	0.7687256157446888	1.0	1
Pf3D7_03_v3	46200	47399	2312	154.04388518400316	2035	140.60256663594367	1.0955334889044697	7.177894539220505e-06	1.774535038862847e-05	0.9127972902042429	1.0	1
Pf3D7_03_v3	49800	50399	1310	87.28265120719901	1048	72.40859451325257	1.205188564675828	2.4005860207665975e-11	7.201758062299793e-11	0.8297456757474132	1.0	1
Pf3D7_03_v3	51200	57599	11673	777.7483874363619	10601	732.4460977433115	1.0618414827767249	6.551339731514854e-11	1.9222062728730399e-10	0.941760155560123	1.0	1
Pf3D7_03_v3	58800	79999	39316	2619.545583864303	48812	3372.52701849321	0.7767346358372345	1.0	1	1.2874409790186712	0.0	0.0
Pf3D7_03_v3	116000	122999	17449	1162.5915884842868	14978	1034.8625273086802	1.1234154939121366	9.974442381199371e-52	4.2954453480326327e-51	0.8901426101198238	1.0	1
Pf3D7_03_v3	123800	132999	31076	2070.5310449732187	29971	2070.7614371724167	0.9998875541053628	1.0	1	1.0001124585401384	0.4907800356693506	1
Pf3D7_03_v3	135600	137999	2104	140.18526575568453	2092	144.54082034515685	0.9698636234129407	1.0	1	1.0310727981332155	0.07970934429490416	0.21282394926739412
Pf3D7_03_v3	139800	140599	656	43.70795358162027	601	41.52439437258091	1.0524383791311294	0.09212143681551346	0.17823495383871082	0.9501743948425548	1.0	1
Pf3D7_03_v3	848200	857999	31183	2077.6602386214404	5844	403.7746434498549	5.144878286668601	0.0	0.0	0.1943680577616769	1.0	1
Pf3D7_03_v3	1002600	1004799	3556	236.92908984183185	2913	201.26549219189383	1.177123734457176	1.2442055357309393e-21	4.31432309143066e-21	0.8495283636950404	1.0	1
Pf3D7_03_v3	1007000	1008199	2866	190.95578500750565	2666	184.1997261186368	1.0366507733606967	0.02683823907537748	0.05428643812974081	0.96464501421064	1.0	1
Pf3D7_03_v3	1009600	1010399	1028	68.49356140534397	1149	79.38690371729695	0.8628699271521554	1.0	1	1.1589232264710316	4.715748489956317e-07	1.5738810585229209e-06
Pf3D7_03_v3	1011800	1012599	221	14.724783142588537	667	46.08447761482773	0.32048249332522316	1.0	1	3.120295244911265	2.986666930792102e-136	2.278400201489975e-135
Pf3D7_03_v3	1013400	1014999	1022	68.09379353721938	1618	111.79113160538421	0.6093356442045134	1.0	1	1.6411316316567994	3.1747269400847375e-76	1.8836713177836107e-75
Pf3D7_03_v3	1015800	1023199	19257	1283.0549727458256	17985	1242.622683512259	1.0325340730762	4.830766996628893e-06	1.2283950362856327e-05	0.9684910416764533	1.0	1
Pf3D7_03_v3	1024400	1029199	6942	462.53142342013405	8285	572.4286312426503	0.8080347440341639	1.0	1	1.2375705467903986	1.0522510223306596e-78	6.385250521870139e-78
Pf3D7_03_v3	1030600	1067799	108078	7201.018608527981	86646	5986.560191026033	1.2028613925900575	0.0	0.0	0.8313509820501872	1.0	1
Pf3D7_04_v3	0	599	1119	74.55670740523335	485	33.509702613480435	2.222335133338885	7.81434033391513e-124	4.1728577383106794e-123	0.4499771366605622	1.0	1
Pf3D7_04_v3	2800	2999	293	19.521997560083445	77	5.320097115954625	3.6348000594321563	1.2016967908385886e-75	5.629000757086021e-75	0.27511829637094926	1.0	1
Pf3D7_04_v3	5000	17999	43345	2887.9897073099555	26427	1825.8987854978297	1.5816577994658583	0.0	0.0	0.6322480123941538	1.0	1
Pf3D7_04_v3	18800	37799	55662	3708.6465125916884	43349	2995.07649194178	1.2382413596997566	0.0	0.0	0.8075969940484591	1.0	1
Pf3D7_04_v3	38800	39999	1626	108.33709226176	1637	113.1038828417886	0.9578587134266471	1.0	1	1.043995305343725	0.04037271506460395	0.11112901981700263
Pf3D7_04_v3	42000	43599	3209	213.8091814686272	1947	134.52245564628123	1.5890731098363982	1.3519760213136832e-131	7.366889748790886e-131	0.6292976665516379	1.0	1
Pf3D7_04_v3	44400	64199	56183	3743.359689140506	45462	3141.0682478640156	1.1917423251151404	0.0	0.0	0.8391075645512421	1.0	1
Pf3D7_04_v3	65200	75399	27766	1849.9924377244947	26368	1821.8223474479425	1.0154606501088437	0.005319676226748707	0.011010492655363604	0.9847747422736799	1.0	1
Pf3D7_04_v3	76600	90199	34675	2310.325137869944	33643	2324.467886650149	0.9939148255754144	1.0	1	1.0061224304819707	0.13095380093399422	0.3361987004747736
Pf3D7_04_v3	98400	101999	1753	116.79884547039686	7609	525.722324094789	0.2222658450351901	1.0	1	4.499116811409669	0.0	0.0
Pf3D7_04_v3	108400	125599	22572	1503.9267198846537	33820	2336.6972007998106	0.6436216374685133	1.0	1	1.5537078646597258	0.0	0.0
Pf3D7_04_v3	127200	132799	4426	294.89543071989533	6384	441.08441543187445	0.668615467439247	1.0	1	1.4956279785598345	4.3715043252893164e-200	3.536944408643174e-199
Pf3D7_04_v3	150400	171799	60743	4047.183268915183	59060	4080.5835801075355	0.9918143546958574	1.0	1	1.0082532030973204	0.0228916738574334	0.06366746791598664
Pf3D7_04_v3	329200	329599	430	28.650030548927923	416	28.742342860222394	0.9967104552928289	1.0	1	1.0033004015255411	0.46085481074916534	1
Pf3D7_04_v3	545800	569399	23041	1535.1752415763913	69372	4793.062040623432	0.32030041052925806	1.0	1	3.122069054946323	0.0	0.0
Pf3D7_04_v3	571200	572399	687	45.773420900263915	2595	179.29418202470458	0.2555709862233987	1.0	1	3.9128072195405	0.0	0.0
Pf3D7_04_v3	582600	584799	2284	152.1783017994218	6547	452.3464391968173	0.33651570121249735	1.0	1	2.9716295447639056	0.0	0.0
Pf3D7_04_v3	597800	614199	48330	3220.130177743457	47048	3250.6484300186135	0.9906110831657496	1.0	1	1.0094779040874908	0.02038437829785334	0.05790030856943449
Pf3D7_04_v3	934600	939199	14778	984.6282591908298	12582	869.3176871810532	1.1326315404790102	4.0810304060893276e-50	1.7295795530569054e-49	0.8828996582393264	1.0	1
Pf3D7_04_v3	950800	951199	645	42.97504582339188	595	41.109841350558476	1.0452352725349694	0.12607783146929552	0.24044843573072788	0.95672240143096	1.0	1
Pf3D7_04_v3	962800	993599	102270	6814.043312183392	89534	6186.098378959499	1.101507512035863	1.096495551877459e-203	6.970578865506703e-203	0.9078467364709555	1.0	1
Pf3D7_04_v3	1071600	1071799	250	16.656994505190653	257	17.756687776627775	0.9381705896161309	1.0	1	1.0659042300709594	0.1454305630929619	0.36980914615067456
Pf3D7_04_v3	1121000	1150999	67001	4464.141155369116	67887	4690.460167672879	0.9517492666693983	1.0	1	1.0506968957270153	1.0265798287258261e-37	4.9835784412690106e-37
Pf3D7_04_v3	1152400	1153599	4367	290.9643800166703	3832	264.761196731664	1.0989339973207728	3.870025765140407e-10	1.0992519992473284e-09	0.9099727576342381	1.0	1
Pf3D7_04_v3	1154600	1168199	38291	2551.251906393021	40277	2782.8253446662916	0.9167859551550853	1.0	1	1.0907671462209934	1.54860278698636e-66	8.797381789901237e-66
Pf3D7_04_v3	1169000	1171399	2959	197.15218696343658	6222	429.8914838372686	0.4586904612807307	1.0	1	2.180119458355105	0.0	0.0
Pf3D7_04_v3	1172600	1200399	87399	5823.218651036632	74998	5181.774590939805	1.1237863654581561	2.0704574228669124e-251	1.417467004885809e-250	0.8898488455964763	1.0	1
Pf3D7_05_v3	23600	28399	9922	661.0827979220065	8737	603.6582922350074	1.0951125341966095	2.2618658291087363e-19	7.548977204650407e-19	0.9131481640228093	1.0	1
Pf3D7_05_v3	29600	42999	35874	2390.212083516838	33212	2294.6891612348704	1.0416254993082203	8.19412055475883e-15	2.6359399856874787e-14	0.960037941337011	1.0	1
Pf3D7_05_v3	1318400	1343399	71493	4763.434032638381	71730	4955.98137827825	0.9611485373322364	1.0	1	1.0404219131161554	2.656169761327996e-26	1.1626185676632376e-25
Pf3D7_06_v3	0	12799	38999	2598.424514831721	33412	2308.507595302285	1.1255814705702982	1.6606769054495673e-116	8.366051580283668e-116	0.8884296926932621	1.0	1
Pf3D7_06_v3	15000	16199	3134	208.81208311707002	2665	184.1306339482997	1.1339794878986906	2.4303921226005317e-12	7.458789617636114e-12	0.8818501663138899	1.0	1
Pf3D7_06_v3	17600	24999	14457	963.2406782461651	14339	990.7126304632907	0.9722699603940903	1.0	1	1.0285209260138715	0.00039356544610265895	0.0012509758822548801
Pf3D7_06_v3	26400	32999	15410	1026.7371412999519	13871	958.3774947455405	1.0713208052438867	1.321771493927312e-17	4.3569504799826214e-17	0.933427219097411	1.0	1
Pf3D7_06_v3	35200	40999	15073	1004.283512706955	14509	1002.458299420593	1.0018181539071496	0.409552196075034	0.7438805194015924	0.9981851457771466	1.0	1
Pf3D7_06_v3	43600	44799	379	25.25200366986903	947	65.43028530920819	0.38654766842320787	1.0	1	2.5870030572921734	7.782225403416053e-142	6.111335831506135e-141
Pf3D7_06_v3	45800	48999	2499	166.50331707388577	4194	289.7725623936844	0.5746929139721489	1.0	1	1.7400597357086298	3.4338868628826716e-237	2.865149351217729e-236
Pf3D7_06_v3	50000	50399	589	39.243879054229176	567	39.175260581120426	1.0016857019202587	0.47212188621538204	0.8517334028345068	0.998317134888691	1.0	1
Pf3D7_06_v3	51400	57999	9119	607.5805315713343	4571	315.820310610761	1.923607294830452	0.0	0.0	0.519856627019155	1.0	1
Pf3D7_06_v3	61600	61799	338	22.52025657101776	153	10.571102061572178	2.122788743959384	1.4075755548903008e-35	5.694282926601671e-35	0.47107843531091065	1.0	1
Pf3D7_06_v3	62800	62999	304	20.25490531831183	265	18.309425139324365	1.1057221294804742	0.038316889830000776	0.07522507047507505	0.9043863492809465	1.0	1
Pf3D7_06_v3	74200	74399	271	18.056182043626666	235	16.23666002921217	1.1114366145064083	0.039244741940752136	0.07648427808891109	0.899736419466532	1.0	1
Pf3D7_06_v3	444800	445199	438	29.183054373094024	369	25.49501085437996	1.1441701014439778	0.0025707076091733092	0.005447451838486298	0.87399591960843	1.0	1
Pf3D7_06_v3	723200	723999	929	61.89739158128847	809	55.895565802692104	1.1071991110741943	0.001038221291218544	0.002329454493742448	0.903179915877831	1.0	1
Pf3D7_06_v3	725200	736599	35263	2349.502388946152	31996	2210.6730821049896	1.062796487199758	4.8800868088663166e-30	1.8883814173439224e-29	0.9409139115944828	1.0	1
Pf3D7_06_v3	737400	745399	20198	1345.7519000633633	19159	1323.7368914879828	1.0166282254762382	0.009579384977396608	0.01952439533560988	0.9836437499377425	1.0	1
Pf3D7_06_v3	1302400	1304799	2746	182.96042764501414	1493	103.15461031325009	1.7731107412286116	6.158550924838805e-166	3.654073548737691e-165	0.56398056632779	1.0	1
Pf3D7_06_v3	1305800	1309999	5604	373.3831888283537	2450	169.27581732582902	2.2052615453128177	0.0	0.0	0.45346095211493354	1.0	1
Pf3D7_06_v3	1311000	1316199	8845	589.3244655936453	5354	369.9194799846892	1.5929981029919744	0.0	0.0	0.6277471380046196	1.0	1
Pf3D7_06_v3	1318000	1319799	1823	121.46280393185023	2001	138.2534328444832	0.8785946605359467	1.0	1	1.1381812853153417	6.542408569223196e-09	2.2111684658007515e-08
Pf3D7_06_v3	1321200	1321799	723	48.172028109011364	816	56.37921099505162	0.8545634391470901	1.0	1	1.170188138399725	5.330548640575997e-06	1.7571067741157917e-05
Pf3D7_06_v3	1328800	1343999	38461	2562.578662656551	36602	2528.9116186775486	1.013311520978505	0.004780336651402824	0.009971483483785577	0.9868633478422797	1.0	1
Pf3D7_06_v3	1344800	1352199	10469	697.5283018993638	15688	1083.9179682480021	0.6435454401163831	1.0	1	1.5538918274662208	0.0	0.0
Pf3D7_06_v3	1354000	1370199	18327	1221.0909531865166	39772	2747.93379864607	0.444380020576231	1.0	1	2.250326193115731	0.0	0.0
Pf3D7_06_v3	1371000	1372999	1945	129.59141725038327	2309	159.5338213083017	0.8123789372163149	1.0	1	1.230952643142847	2.0489047300949822e-22	8.416270199005543e-22
Pf3D7_06_v3	1374800	1375999	1772	118.06477705279134	1678	115.9366618256086	1.0183236689702542	0.21791091915396105	0.40404316259796946	0.9820060462811561	1.0	1
Pf3D7_06_v3	1377200	1411999	101103	6736.288461833162	57362	3963.265074875185	1.6996687147460032	0.0	0.0	0.5883499480364555	1.0	1
Pf3D7_06_v3	1416200	1418199	2537	169.03518023867474	1037	71.64858063954476	2.3578819779187716	0.0	0.0	0.424109437777148	1.0	1
Pf3D7_07_v3	200	31399	94406	6290.080893028115	74698	5161.046939838683	1.2187572381622327	0.0	0.0	0.8205079475120924	1.0	1
Pf3D7_07_v3	34200	46599	33201	2212.1154982673393	31253	2159.3375995445444	1.024439784656112	5.771575513347076e-06	1.4401968804333359e-05	0.9761432687189946	1.0	1
Pf3D7_07_v3	47600	50999	6076	404.8315944541536	7138	493.1799118660275	0.8208799594501025	1.0	1	1.2182049135051218	5.235234534672345e-59	2.912099209911492e-58
Pf3D7_07_v3	53400	53799	601	40.04341479047833	581	40.14255096583945	0.9974733594612546	1.0	1	1.0025330406218669	0.46523801584979535	1
Pf3D7_07_v3	54600	57199	4720	314.48405625799955	4135	285.6961243437971	1.1007311809079547	3.969182424337039e-11	1.1775241192199884e-10	0.9084870287540459	1.0	1
Pf3D7_07_v3	58600	61599	5537	368.9191143009626	5119	353.68281995547704	1.043063598049899	0.0008873448465414175	0.0020078057120894786	0.9587143122141255	1.0	1
Pf3D7_07_v3	69400	69599	150	9.994196703114392	300	20.727651101121918	0.4837692397223759	1.0	1	2.0671012497071475	5.6602054597283504e-30	2.561482809741474e-29
Pf3D7_07_v3	71000	72599	3877	258.3166707864966	3902	269.59764865525904	0.9581578283382889	1.0	1	1.0436693939392814	0.003884436763950698	0.011785734272441322
Pf3D7_07_v3	73400	83799	27151	1809.0162312417258	24461	1690.0635786151443	1.0703792018758997	7.332860444642609e-29	2.757568646083911e-28	0.9342483469852961	1.0	1
Pf3D7_07_v3	84800	85399	903	60.165064152748634	727	50.23000783505212	1.1974705735155502	6.180568790918465e-08	1.683889660382888e-07	0.8350935898693416	1.0	1
Pf3D7_07_v3	89200	90799	1598	106.47150887717865	1888	130.44601759639394	0.8162896774604449	1.0	1	1.225055305257682	6.084974517240639e-18	2.3892473472106625e-17
Pf3D7_07_v3	91800	92999	1014	67.56076971305329	1188	82.0814983604428	0.8232125570142514	1.0	1	1.2147530932071144	3.525453169806278e-11	1.255061328451035e-10
Pf3D7_07_v3	507000	610399	307003	20454.989136308184	296763	20503.999745740814	0.9976095928075348	1.0	1	1.0023961349306376	0.09604870732703313	0.2489806296729888
Pf3D7_07_v3	1266400	1280799	43660	2908.9775203864956	8273	571.5995251986054	5.0886896008970215	0.0	0.0	0.1965142459905046	1.0	1
Pf3D7_07_v3	1379000	1386999	20790	1385.1956630516547	19644	1357.2465941014632	1.0205896130432541	0.0016746860121484906	0.003635294026371114	0.9798257666155755	1.0	1
Pf3D7_07_v3	1387800	1389399	2870	191.2222969195887	2569	177.49778559594068	1.0772781912029412	3.8474720605939704e-05	9.338864001623545e-05	0.9282653340297843	1.0	1
Pf3D7_07_v3	1391000	1412399	57575	3836.1058345454076	56043	3872.132502200586	0.9906954400566669	1.0	1	1.0093919478854176	0.013473505060165352	0.039532152209496144
Pf3D7_07_v3	1413800	1415799	2307	153.71074529389935	3086	213.21843766020746	0.7209862357827256	1.0	1	1.3869890302612617	5.390929497585716e-67	3.12908299098997e-66
Pf3D7_07_v3	1417600	1418799	2173	144.78259623911714	1992	137.63160331144954	1.051913526727952	0.009239330980708517	0.0189761643988398	0.9506484844914653	1.0	1
Pf3D7_07_v3	1419800	1432399	43258	2882.193073222149	38424	2654.7975530316953	1.085651404152103	4.056027965960487e-64	1.7753433883794264e-63	0.9211059794842738	1.0	1
Pf3D7_07_v3	1434200	1445199	34608	2305.8610633425524	29068	2008.3712073580398	1.148118613165675	1.4250198980416443e-139	8.09532580376849e-139	0.8709901473008334	1.0	1
Pf3D7_08_v3	0	50999	156805	10447.600093545681	171162	11825.9540592341	0.8834471730492898	1.0	1	1.1319295941017262	0.0	0.0
Pf3D7_08_v3	52600	53799	4138	275.7065730499157	3671	253.63735730739523	1.0869774954307614	5.668560797337313e-08	1.5603151885454253e-07	0.9199822482099385	1.0	1
Pf3D7_08_v3	54800	61799	13343	889.0171107310356	12439	859.4375068228518	1.034411765715951	4.9582455689193364e-05	0.00011926590692805971	0.9667330101450138	1.0	1
Pf3D7_08_v3	65800	71799	10667	710.7206415474748	5224	360.9374978408697	1.9689038626786024	0.0	0.0	0.5078968145450974	1.0	1
Pf3D7_08_v3	72600	72999	440	29.31631032913555	452	31.229660992357022	0.9387894193235371	1.0	1	1.065201609025983	0.0866118255894261	0.2267191905134977
Pf3D7_08_v3	75800	85599	5215	347.464905378277	20586	1422.3314185589861	0.24432748071645735	1.0	1	4.092867478793769	0.0	0.0
Pf3D7_08_v3	427000	464399	119226	7943.787307503444	114080	7882.034792053296	1.0078342092625074	0.00353948298706444	0.007441275256269335	0.9922266884865514	1.0	1
Pf3D7_08_v3	465200	466599	2999	199.81730608426707	2659	183.71608092627727	1.087595537193909	2.6871884485492177e-06	6.965818599637292e-06	0.9194594551022955	1.0	1
Pf3D7_08_v3	636600	642599	10900	726.2449604263126	2966	204.92737721975868	3.543044378106857	0.0	0.0	0.2822431483441725	1.0	1
Pf3D7_08_v3	1311600	1313999	1258	83.81799635011937	2803	193.6653534548158	0.43298766028651564	1.0	1	2.3095346397130165	0.0	0.0
Pf3D7_08_v3	1382800	1388399	6093	405.9642700805066	1279	88.36888586111644	4.591137281701759	0.0	0.0	0.21781095590096106	1.0	1
Pf3D7_08_v3	1392400	1419199	70047	4667.089976420359	9324	644.2153962228692	7.243937559381404	0.0	0.0	0.13804646876130652	1.0	1
Pf3D7_08_v3	1420000	1422599	6601	439.811282915054	1604	110.8238412206652	3.9666901888336734	0.0	0.0	0.25209934539758705	1.0	1
Pf3D7_08_v3	1423400	1430599	16249	1082.6380148593717	4895	338.20617379997265	3.200661566939455	0.0	0.0	0.3124354072074613	1.0	1
Pf3D7_08_v3	1432400	1433999	4024	268.1109835555487	1017	70.26673723280331	3.812816509157363	0.0	0.0	0.2622733083530949	1.0	1
Pf3D7_08_v3	1435800	1472799	112719	7510.239054522341	14853	1026.2260060165463	7.317881275832394	0.0	0.0	0.1366515747259444	1.0	1
Pf3D7_09_v3	0	27999	88970	5927.891204507249	75627	5225.233566081824	1.134471669908618	9.82100171986057e-298	7.087047187034518e-297	0.8814675822451787	1.0	1
Pf3D7_09_v3	29600	32599	4447	296.2946182583313	4052	279.96147420582	1.058317490378027	8.634063988600595e-05	0.00020400841459790786	0.9448960345943105	1.0	1
Pf3D7_09_v3	33400	37599	13059	870.0947649731389	12075	834.2879568201572	1.0429124965193088	8.99594957722807e-07	2.4019185371198946e-06	0.9588532147591211	1.0	1
Pf3D7_09_v3	38600	40799	3425	228.20082472111196	3359	232.08060016222842	0.9832769985847265	1.0	1	1.017007416464886	0.16209562070001404	0.40829745968777126
Pf3D7_09_v3	42200	47399	13038	868.6955774347028	12731	879.6124205612772	0.9875872038222292	1.0	1	1.0125688102576966	0.07895869487133711	0.2129492073802728
Pf3D7_09_v3	48200	51599	8568	570.8685156818941	8203	566.7630732750104	1.0072384357569826	0.24999909124687325	0.4603431542270011	0.9928135826632326	1.0	1
Pf3D7_09_v3	52600	78999	61453	4094.4891333099245	59481	4109.671383819443	0.9963051889065628	1.0	1	1.0037085133497017	0.18277672044820875	0.45608770429599754
Pf3D7_09_v3	1447000	1457399	16656	1109.755601913822	21107	1458.3284393046013	0.7609874577677277	1.0	1	1.314082104498002	1.240481417e-315	1.142098408e-314
Pf3D7_09_v3	1458400	1479399	52391	3490.706396485774	50583	3494.8892521601665	0.9988024693131183	1.0	1	1.0011989664860412	0.39271422605231593	0.9362026638925746
Pf3D7_09_v3	1480800	1482199	3553	236.72920590776954	3133	216.4657696660499	1.0935690995785818	6.936564299526174e-08	1.8707703716903925e-07	0.9144369572854247	1.0	1
Pf3D7_09_v3	1483600	1489999	13375	891.1492060277	13356	922.7950270219478	0.9657064517642493	1.0	1	1.0355113587292493	2.968841385686917e-05	9.550369276848275e-05
Pf3D7_09_v3	1490800	1490999	362	24.119328043516063	403	27.844144645840444	0.86646905841889	1.0	1	1.1541093017502249	0.0021876442625807036	0.00679187230359358
Pf3D7_09_v3	1492600	1493799	2925	194.88683571073065	2537	175.28683614515435	1.111758613247458	8.227031320807606e-09	2.2881430860996153e-08	0.8994758287313737	1.0	1
Pf3D7_09_v3	1495600	1541599	130060	8665.634821380385	49700	3433.880865752531	2.5235374875993024	0.0	0.0	0.396269128124315	1.0	1
Pf3D7_10_v3	0	36599	116983	7794.340752802872	71297	4926.064468522298	1.582256608504331	0.0	0.0	0.6320087365255348	1.0	1
Pf3D7_10_v3	38000	39599	4541	302.557648192283	3116	215.29120277031964	1.4051999522646128	8.055859242080197e-105	3.9831748474729865e-104	0.7116424949975306	1.0	1
Pf3D7_10_v3	40400	61399	51220	3412.6850342234607	49842	3443.6919539403953	0.9909954890905477	1.0	1	1.00908632885677	0.02173199982120913	0.0610783573922404
Pf3D7_10_v3	66800	66999	298	19.855137450187257	273	18.862162502020947	1.0523214532260385	0.179525269847525	0.3375580778118956	0.9502799709483829	1.0	1
Pf3D7_10_v3	68000	68199	396	26.384679296221996	313	21.625849315503867	1.2192384704750656	5.5346233618938554e-05	0.00013194146764514817	0.8201840937731883	1.0	1
Pf3D7_10_v3	81400	81799	445	29.649450219239363	346	23.905890936627276	1.2394619034633678	4.984063758188124e-06	1.2554198334304047e-05	0.806801723559029	1.0	1
Pf3D7_10_v3	1428800	1438199	22856	1522.8490656425502	20673	1428.3424373783114	1.0661603201297207	4.485448819890498e-22	1.6183984255550848e-21	0.9379452424925447	1.0	1
Pf3D7_10_v3	1570000	1571999	1552	103.40662188822357	3171	219.09127213885867	0.47213486887739536	1.0	1	2.118038861179053	9.41560618142874e-310	8.109570485295077e-309
Pf3D7_10_v3	1572800	1573599	268	17.85629810956438	520	35.927928575277996	0.49790026275350585	1.0	1	2.0084343689030493	8.600098915876165e-47	4.502404726546934e-46
Pf3D7_10_v3	1575000	1577999	3913	260.7152779952441	3917	270.6340312103152	0.9633501923306715	1.0	1	1.038044117249471	0.009820125283823006	0.02913303834200825
Pf3D7_10_v3	1578800	1579999	1783	118.79768481101974	1742	120.35856072718127	0.9870184291492567	1.0	1	1.013152308475063	0.2878606381383229	0.6987162762084747
Pf3D7_10_v3	1581000	1584999	8278	551.5464020558728	7204	497.7399951082743	1.108081479688155	1.969838586193889e-20	6.657555728022383e-20	0.9024607109952129	1.0	1
Pf3D7_10_v3	1589600	1594599	5484	365.3878314658621	5955	411.4438743572701	0.8880751985232177	1.0	1	1.1260307704380241	1.2130594222546185e-19	4.907376753666412e-19
Pf3D7_10_v3	1598200	1598399	251	16.723622483211415	352	24.32044395864972	0.6884202459790567	1.0	1	1.4526010904543067	1.4456774435917966e-11	5.216160505932563e-11
Pf3D7_10_v3	1599600	1600799	2784	185.4922908098031	2463	170.17401554021095	1.0899643532313579	3.458107187449257e-06	8.878025183162996e-06	0.9174611968137807	1.0	1
Pf3D7_10_v3	1602400	1637399	103005	6863.014876028653	102547	7085.194791555832	0.9686416224765014	1.0	1	1.0323735598345707	1.6417514851580547e-24	7.070123331245171e-24
Pf3D7_10_v3	1638200	1638599	488	32.51445327413216	610	42.14622390561457	0.7717834255589772	1.0	1	1.2957002792275996	3.390205295387843e-10	1.1755646933357847e-09
Pf3D7_10_v3	1639400	1666999	64399	4290.775156559092	50196	3468.1505822397194	1.2371885830060587	0.0	0.0	0.808284212880667	1.0	1
Pf3D7_10_v3	1668800	1687599	47853	3188.348632227553	17911	1237.5098629073157	2.5763328045647924	0.0	0.0	0.3881486111686278	1.0	1
Pf3D7_11_v3	0	31599	96041	6399.017637092063	93951	6491.278495338352	0.9857867228345394	1.0	1	1.0144182071397672	5.947694812639109e-06	1.936627457286149e-05
Pf3D7_11_v3	32600	50399	44706	2978.6703853962135	39705	2743.304623233486	1.0857933779305622	2.1542407006227213e-66	9.58637111777111e-66	0.9209855395378467	1.0	1
Pf3D7_11_v3	52000	62199	16230	1081.3720832769773	20703	1430.4152024884236	0.7559948160863752	1.0	1	1.3227603929571736	0.0	0.0
Pf3D7_11_v3	64600	64999	372	24.785607823723694	486	33.578794783817514	0.7385972211451421	1.0	1	1.3539179018972907	7.58842400715953e-11	2.665933170936309e-10
Pf3D7_11_v3	66600	76999	25158	1676.2266710463457	23813	1645.2918522367208	1.0187997379678024	0.0015907924364578071	0.003481488365034709	0.981547170393563	1.0	1
Pf3D7_11_v3	78200	79599	1349	89.88114235000876	1601	110.61656470965397	0.8126416092516286	1.0	1	1.230554759460215	4.2924625181251867e-16	1.6609963657093114e-15
Pf3D7_11_v3	82600	84199	1351	90.01439830605028	1704	117.7330582543725	0.7646806612553664	1.0	1	1.3077354386840554	1.1502862990043994e-26	5.118774030569577e-26
Pf3D7_11_v3	85000	86799	2030	135.2547953821481	2367	163.54116718785193	0.8270961973351079	1.0	1	1.2090492051855464	1.4820195698278091e-19	5.90595858423918e-19
Pf3D7_11_v3	88400	88799	657	43.774581559641035	668	46.153569785164805	0.9484786830292751	1.0	1	1.0543199524592106	0.08350145178500272	0.22074146164946265
Pf3D7_11_v3	93400	100399	13195	879.1561699839626	10737	741.8426329091535	1.185077372739703	1.323882980779472e-80	6.312084926216412e-80	0.8438267601786754	1.0	1
Pf3D7_11_v3	101400	102599	1879	125.19397070101296	1762	121.74040413392274	1.028331964908168	0.11077534348399794	0.21278429287933417	0.9724486198280357	1.0	1
Pf3D7_11_v3	103400	110999	7489	498.9769273974912	8233	568.8358383851225	0.8772002641781689	1.0	1	1.1399905367526078	1.2486858210073728e-31	5.748260589809802e-31
Pf3D7_11_v3	136600	137399	428	28.516774592886396	768	53.06278681887211	0.5379708588268128	1.0	1	1.8588367447648806	2.446521671216346e-55	1.333104665744417e-54
Pf3D7_11_v3	1651600	1654399	1683	112.13488700894348	2645	182.74879054155826	0.6137338061385593	1.0	1	1.6293708933710513	8.095059916233684e-120	6.003836104539982e-119
Pf3D7_11_v3	1839400	1850599	5080	338.47012834547405	23343	1612.8185321782964	0.20989481921297107	1.0	1	4.764291008942645	0.0	0.0
Pf3D7_11_v3	1982800	1998399	25606	1706.0760051996474	33528	2316.5222870613857	0.7364883805030369	1.0	1	1.3577946733076482	0.0	0.0
Pf3D7_11_v3	2001600	2022999	63004	4197.829127220128	58307	4028.557175843719	1.0420166766344237	5.145215352349073e-25	1.908017359829448e-24	0.9596775391636417	1.0	1
Pf3D7_11_v3	2024400	2037999	45222	3013.050422054927	40082	2769.3523714505627	1.0879951244739132	2.5138122407862792e-70	1.1572204625688561e-69	0.9191217658107961	1.0	1
Pf3D7_12_v3	0	21999	73238	4879.699854284612	9171	633.644294161297	7.700273637124906	0.0	0.0	0.12986551480180586	1.0	1
Pf3D7_12_v3	23000	24399	2022	134.721771557982	1106	76.41594039280281	1.7622846590897678	1.5422911873254019e-120	8.074347980703575e-120	0.5674452165500362	1.0	1
Pf3D7_12_v3	26400	27399	1700	113.26756263529644	748	51.68094341213065	2.190031163026165	1.0588541379173191e-180	6.425319427816459e-180	0.45661450708226875	1.0	1
Pf3D7_12_v3	30000	41999	34401	2292.0690718922547	12146	839.1935009140894	2.731130540974433	0.0	0.0	0.3661487376737446	1.0	1
Pf3D7_12_v3	43800	45599	2816	187.6243861064675	2339	161.60658641841388	1.160910631226801	4.8848778759256685e-15	1.5905638937465287e-14	0.8613927490208635	1.0	1
Pf3D7_12_v3	46400	47999	2281	151.97841786535952	1789	123.60589273302371	1.2293920711790487	6.169388849734712e-22	2.167403714314695e-21	0.8134101589259071	1.0	1
Pf3D7_12_v3	48800	63999	45317	3019.3800799668993	14963	1033.8261447536242	2.9204571218727726	0.0	0.0	0.3424121492866637	1.0	1
Pf3D7_12_v3	377800	386599	21360	1423.1736105234895	4869	336.4097773712087	4.229805694606268	0.0	0.0	0.23641747924146314	1.0	1
Pf3D7_12_v3	763200	785399	71107	4737.715633122367	68717	4747.806669052649	0.9978741018867774	1.0	1	1.002130427184354	0.2877080138085632	0.7047526576778567
Pf3D7_12_v3	825000	829999	2074	138.18642641506165	9772	675.168688533878	0.2047472140094062	1.0	1	4.8840713405461	0.0	0.0
Pf3D7_12_v3	903600	915999	35895	2391.611271055274	35981	2486.005380898226	0.9620298687517779	1.0	1	1.039468765452665	1.447280160783441e-13	5.520340041845411e-13
Pf3D7_12_v3	1057400	1058399	809	53.90203421879695	686	47.39722885123212	1.1369885222891782	0.00015595414332071131	0.0003652610198827186	0.8795163542958465	1.0	1
Pf3D7_12_v3	1688400	1745999	171835	11449.018603197743	155249	10726.490352660256	1.0673585775626662	9.626489846051915e-158	5.587549541077959e-157	0.9368922694035207	1.0	1
Pf3D7_12_v3	2162200	2169799	3596	239.59420896266235	16097	1112.176665915865	0.21547471428711776	1.0	1	4.640915771989425	0.0	0.0
Pf3D7_12_v3	2183200	2196399	30470	2030.1544902926369	29374	2029.5134114811844	1.0003146531949243	0.47649738596940194	0.8538577319049014	0.9996854457805658	1.0	1
Pf3D7_12_v3	2197200	2197599	528	35.179572394962655	679	46.91358365887261	0.7501956785328614	1.0	1	1.332985551124041	3.375197815772756e-13	1.2692645307201773e-12
Pf3D7_12_v3	2199200	2202799	8142	542.4849970450491	7452	514.8748533518684	1.0536129800941099	1.4326191127001836e-06	3.787220822682664e-06	0.9491151104750806	1.0	1
Pf3D7_12_v3	2203600	2230199	70105	4670.954399145563	66854	4619.087955714683	1.0112280181645503	0.0015708045829812012	0.003466155567404799	0.98889665044593	1.0	1
Pf3D7_12_v3	2231200	2236599	9827	654.7531400100341	9730	672.2668173797209	0.9739473359771529	1.0	1	1.0267495613576567	0.004671878244182515	0.014015634732547546
Pf3D7_12_v3	2238000	2239599	4316	287.56635313761143	3715	256.67741280222646	1.1202994998758378	1.0926537065346062e-13	3.47307785291357e-13	0.8926184472195421	1.0	1
Pf3D7_12_v3	2241200	2242599	2716	180.96158830439126	2061	142.39896306470757	1.2706582958807895	1.3384133405790233e-33	5.255240616685283e-33	0.7869936419899768	1.0	1
Pf3D7_12_v3	2243400	2271399	89664	5974.131021253659	17457	1206.1420175742844	4.952862397774246	0.0	0.0	0.2019034488923794	1.0	1
Pf3D7_13_v3	0	599	1755	116.93210142643838	923	63.77207322111843	1.8326534092392717	2.9318915208383805e-118	1.5054135308920145e-117	0.5456569119717496	1.0	1
Pf3D7_13_v3	24000	26599	7108	473.59166777158066	5854	404.4655651532257	1.1708719813609216	9.104842703083539e-39	3.7399892334204693e-38	0.8540643348879913	1.0	1
Pf3D7_13_v3	27400	28799	2265	150.91237021702733	2283	157.7374248795378	0.9567348739300231	1.0	1	1.0452216462981587	0.01734005123225654	0.049782727731317165
Pf3D7_13_v3	30200	31999	4163	277.37227250043475	3463	239.26618587728402	1.159206042425776	6.0021237739124986e-21	2.0545731379931246e-20	0.8626594094587202	1.0	1
Pf3D7_13_v3	32800	46799	44934	2993.861564384947	40630	2807.2148807952785	1.066485692646256	7.45316052362188e-42	3.1093654059485035e-41	0.9376590861886895	1.0	1
Pf3D7_13_v3	47800	51999	11630	774.8833843814691	11098	766.7849064008368	1.010557438317334	0.12772074310102113	0.24185417310618895	0.9895528567530878	1.0	1
Pf3D7_13_v3	53400	59199	13055	869.8282530610559	12925	893.0163016066692	0.9740332638966884	1.0	1	1.026658982876447	0.0014231549652104463	0.004470380890719872
Pf3D7_13_v3	60000	61199	1930	128.59199758007182	1672	115.52210880358616	1.1130486098774708	1.728576647161069e-06	4.52480357639221e-06	0.8984333578297935	1.0	1
Pf3D7_13_v3	62600	66599	7579	504.97344541935985	6761	467.132163648951	1.080990402116403	1.0272403916921776e-11	3.1167407338842204e-11	0.9250775936975603	1.0	1
Pf3D7_13_v3	69200	71999	3995	266.1787721929466	4628	319.75856431997414	0.8324652192141895	1.0	1	1.201251387948623	4.310304816112953e-34	2.0190375191265938e-33
Pf3D7_13_v3	73000	80399	18047	1202.4351193407028	12112	836.8443671226289	1.436829261097809	0.0	0.0	0.6959769174215942	1.0	1
Pf3D7_13_v3	85400	88599	1288	85.81683569074224	2984	206.171036285826	0.41642460326055203	1.0	1	2.4013950957031027	0.0	0.0
Pf3D7_13_v3	89600	90999	837	55.767617603378305	1396	96.452669790554	0.5784627678473393	1.0	1	1.7287197302625839	5.564964931779522e-79	3.4554549692677495e-78
Pf3D7_13_v3	117800	125599	3016	200.94998171062005	16128	1114.3185231963143	0.18038302554403668	1.0	1	5.5437588818792225	0.0	0.0
Pf3D7_13_v3	2822200	2841399	24091	1605.1346184981921	36133	2496.5073907894607	0.6429609737303854	1.0	1	1.555304351052779	0.0	0.0
Pf3D7_13_v3	2842600	2844599	901	60.03180819670711	1609	111.16930207235055	0.5402670236646149	1.0	1	1.850936585425907	8.478539765959556e-112	5.9572897829242144e-111
Pf3D7_13_v3	2845800	2846999	310	20.654673186436412	1159	80.07782542066768	0.25854146094799807	1.0	1	3.8678515868723116	1.1545670579496e-311	1.0275646815752e-310
Pf3D7_13_v3	2850400	2851199	142	9.46117287894829	1058	73.0995162166233	0.13021705710979514	1.0	1	7.6794854851989935	0.0	0.0
Pf3D7_13_v3	2852600	2864999	23108	1539.6393161037824	30153	2083.336212173764	0.7390333224511657	1.0	1	1.3531189590792485	0.0	0.0
Pf3D7_13_v3	2865800	2867399	1761	117.33186929456296	1704	117.7330582543725	0.9965734653342866	1.0	1	1.0034383161752796	0.43762798193617924	1
Pf3D7_13_v3	2868600	2879999	26812	1786.4293466926872	27003	1865.6958756119839	0.9575139449606916	1.0	1	1.0443712128297542	6.847883401179882e-13	2.5394234279375393e-12
Pf3D7_13_v3	2881000	2882999	2484	165.50389740357434	3082	212.94206897885917	0.7772856806579586	1.0	1	1.2865282673849308	1.7572398713490672e-41	8.688574919448165e-41
Pf3D7_13_v3	2884800	2924999	120250	8012.014356996704	106573	7363.359869332888	1.0880910275447377	1.3350115270690259e-183	8.289490179707672e-183	0.9190407554931191	1.0	1
Pf3D7_14_v3	0	5399	16609	1106.6240869468463	6483	447.9245402952447	2.470326885750751	0.0	0.0	0.404804726762342	1.0	1
Pf3D7_14_v3	7000	30399	62598	4170.778168143698	58044	4010.3859350450693	1.039992910484693	9.182844341282073e-23	3.358656765920978e-22	0.9615450162385683	1.0	1
Pf3D7_14_v3	31200	33599	3577	238.32827738026788	4055	280.16875071683125	0.8506877690115291	1.0	1	1.175519428429031	5.0775992203927835e-24	2.151934907690275e-23
Pf3D7_14_v3	34600	43199	20922	1393.9905561503954	20565	1420.8804829819076	0.9810743523246086	1.0	1	1.0192907373743365	0.003110542035540842	0.009546146247004653
Pf3D7_14_v3	941400	944999	1542	102.74034210801594	3987	275.4704831339103	0.3731114485914357	1.0	1	2.6801643417139407	0.0	0.0
Pf3D7_14_v3	994200	1003599	3864	257.4505070722267	18398	1271.1577498614702	0.20257370796124535	1.0	1	4.9364747778192	0.0	0.0
Pf3D7_14_v3	3087800	3111999	14448	962.6410264439781	57405	3966.236038199679	0.24272153119298415	1.0	1	4.119947641583208	0.0	0.0
Pf3D7_14_v3	3147200	3154799	20195	1345.552016129301	18522	1279.7251789832671	1.0514335580627217	7.542991893425599e-13	2.341835855284459e-12	0.9510824458014366	1.0	1
Pf3D7_14_v3	3161800	3185599	48872	3256.2425418307103	51573	3563.290500793869	0.9138311991409059	1.0	1	1.0942940019339473	1.0134541961595056e-90	6.599811472550927e-90
Pf3D7_14_v3	3193400	3197199	7402	493.1802933096849	5787	399.83638974064183	1.2334087518147727	1.7188672172147238e-68	7.778602491463243e-68	0.8107612326640724	1.0	1
Pf3D7_14_v3	3198200	3217599	34877	2323.7839894301374	47135	3256.6594488379387	0.7135536745376694	1.0	1	1.4014362698754608	0.0	0.0
Pf3D7_14_v3	3218400	3229599	25297	1685.4879599912317	24262	1676.3142367180667	1.0054708603472753	0.19175531239658203	0.35803264622298886	0.9945589071120512	1.0	1
Pf3D7_14_v3	3234200	3243599	19192	1278.724154174476	17258	1192.3926756772069	1.0723956244406738	4.990373042072342e-22	1.7765728029777535e-21	0.9324916823691508	1.0	1
Pf3D7_14_v3	3244800	3260999	31339	2088.0542031926793	29916	2066.9613678038777	1.0102032222576673	0.036079621337876115	0.07188999177024569	0.9898998320012635	1.0	1
Pf3D7_14_v3	3261800	3262199	428	28.516774592886396	684	47.25904451055798	0.6039410079384221	1.0	1	1.6557908584706673	1.2923874258243289e-34	6.1619186195552825e-34
Pf3D7_14_v3	3264800	3268599	6445	429.41731834381505	6250	431.82606460670667	0.9944171393974379	1.0	1	1.0056142039204443	0.32626563958981375	0.7848011330673899
Pf3D7_14_v3	3269600	3291799	47159	3142.1088154811437	54705	3779.687178289582	0.8313169470783963	1.0	1	1.2029106389740136	0.0	0.0
