Pf3D7_01_v3	0	23199	31462	25686	0.0	1.9263332913573787	0.0
Pf3D7_01_v3	24000	34799	27566	11334	0.0	3.8250060401150723	0.0
Pf3D7_01_v3	35600	37199	2584	1955	1.1100655835407055e-241	2.078678525126089	1.515568993053292e-241
Pf3D7_01_v3	39000	39999	2437	1057	0.0	3.625952609540482	0.0
Pf3D7_01_v3	41400	48799	16015	5692	0.0	4.4249017627323735	0.0
Pf3D7_01_v3	50000	51599	2125	1462	9.684295042204305e-247	2.2858785035715674	1.3282588154215995e-246
Pf3D7_01_v3	52400	54999	3323	2076	0.0	2.517355633886995	0.0
Pf3D7_01_v3	55800	57399	3077	1059	0.0	4.569546677032032	0.0
Pf3D7_01_v3	58400	68599	27644	9170	0.0	4.741034661142845	0.0
Pf3D7_01_v3	70200	77599	6992	2278	0.0	4.827133186091751	0.0
Pf3D7_01_v3	78400	78799	501	134	4.811171619794616e-208	5.879961862978181	6.365222629728275e-208
Pf3D7_01_v3	79800	79999	692	207	1.386184274818043e-258	5.257476386649318	1.9367714867784805e-258
Pf3D7_01_v3	80800	83599	5066	1702	0.0	4.681092375661791	0.0
Pf3D7_01_v3	84400	84999	1296	422	0.0	4.829855440645926	0.0
Pf3D7_01_v3	85800	85999	352	124	4.996754860529534e-113	4.464394455491515	6.024313319751334e-113
Pf3D7_01_v3	87000	95999	22888	8313	0.0	4.330037385606312	0.0
Pf3D7_01_v3	98800	101799	2985	3303	5.569227176044067e-74	1.4212724690326541	6.4542594016944804e-74
Pf3D7_01_v3	521400	535999	38398	15162	0.0	3.9828476449503385	0.0
Pf3D7_01_v3	543000	582799	92634	35170	0.0	4.142281708225641	0.0
Pf3D7_01_v3	587800	601999	32038	11409	0.0	4.416308453171093	0.0
Pf3D7_01_v3	602800	605599	4387	2575	0.0	2.6793656344372443	0.0
Pf3D7_01_v3	607200	608599	2018	1428	1.0340970040321225e-220	2.222462983405257	1.3927702892144353e-220
Pf3D7_01_v3	609600	621399	30778	11722	0.0	4.129336357707975	0.0
Pf3D7_01_v3	623400	625399	1936	2146	2.51505177457499e-48	1.4187870543547128	2.8702308419768014e-48
Pf3D7_01_v3	627400	628399	904	1220	3.258180618125801e-06	1.1653333664371666	3.336287687738406e-06
Pf3D7_02_v3	400	35199	89494	36487	0.0	3.857423702399761	0.0
Pf3D7_02_v3	36000	49999	40831	14150	0.0	4.538111460309505	0.0
Pf3D7_02_v3	51600	72199	53597	19628	0.0	4.294434804731842	0.0
Pf3D7_02_v3	630800	630999	249	246	3.5534435270779087e-12	1.5918634886335459	3.754344927902102e-12
Pf3D7_02_v3	839000	853999	27051	14977	0.0	2.840534552131852	0.0
Pf3D7_02_v3	855200	870999	36460	16767	0.0	3.4198171172702874	0.0
Pf3D7_02_v3	872200	875999	5084	2985	0.0	2.6785686910434165	0.0
Pf3D7_02_v3	877800	878999	2286	628	0.0	5.724771596027463	0.0
Pf3D7_02_v3	880400	881599	1607	539	0.0	4.688875412995885	0.0
Pf3D7_02_v3	884000	885799	2215	657	0.0	5.302124762804844	0.0
Pf3D7_02_v3	886600	887399	1773	643	0.0	4.33649993738831	0.0
Pf3D7_02_v3	889200	897599	19369	6166	0.0	4.940208294866404	0.0
Pf3D7_02_v3	898400	900599	6046	2321	0.0	4.096703983465947	0.0
Pf3D7_02_v3	901600	910399	16829	5887	0.0	4.495788337622705	0.0
Pf3D7_02_v3	913400	914599	1930	1176	2.74493136041641e-284	2.5810211838286308	3.9458388305985894e-284
Pf3D7_02_v3	916200	917599	2340	1673	9.189515371858552e-250	2.19969008994019	1.2662051134496346e-249
Pf3D7_02_v3	918400	946999	73610	30147	0.0	3.840027181933768	0.0
Pf3D7_03_v3	800	999	340	428	3.225206384240651e-05	1.2493287372791146	3.280056832952226e-05
Pf3D7_03_v3	2400	3199	1766	2510	1.3392045291977344e-05	1.1065181947679215	1.366628512730794e-05
Pf3D7_03_v3	10400	11999	2230	271	0.0	12.941277621105687	0.0
Pf3D7_03_v3	31200	31399	261	98	6.572031919885321e-79	4.1884758278504	7.706029584492984e-79
Pf3D7_03_v3	33600	34599	974	228	0.0	6.718397437655043	0.0
Pf3D7_03_v3	35600	35999	592	70	0.0	13.300416728438357	0.0
Pf3D7_03_v3	36800	37799	1054	127	0.0	13.052042272613614	0.0
Pf3D7_03_v3	43400	44599	1345	790	2.9771972509051974e-212	2.67754497729745	3.9563643467584624e-212
Pf3D7_03_v3	46200	47399	2035	1018	0.0	3.143823944283379	0.0
Pf3D7_03_v3	49800	50399	1048	380	0.0	4.337298058313646	0.0
Pf3D7_03_v3	51200	57599	10601	3205	0.0	5.201880635025642	0.0
Pf3D7_03_v3	58800	79999	48812	18499	0.0	4.149730874276377	0.0
Pf3D7_03_v3	116000	122999	14978	6948	0.0	3.3902802388929927	0.0
Pf3D7_03_v3	123800	132999	29971	9812	0.0	4.803803961049113	0.0
Pf3D7_03_v3	135600	137999	2092	2401	4.6977241787872545e-43	1.3702856254379603	5.3407586671383615e-43
Pf3D7_03_v3	139800	140599	601	525	7.38117143729996e-40	1.8003492013043811	8.296880675761985e-40
Pf3D7_03_v3	1002800	1004799	2746	1522	0.0	2.83744506643599	0.0
Pf3D7_03_v3	1007000	1007999	2494	887	0.0	4.421955941015054	0.0
Pf3D7_03_v3	1009600	1010399	1149	425	0.0	4.251798559094981	0.0
Pf3D7_03_v3	1011800	1012599	667	186	5.56423847206744e-266	5.639680117069774	7.847675958246058e-266
Pf3D7_03_v3	1013400	1014999	1618	430	0.0	5.917682270046074	0.0
Pf3D7_03_v3	1015800	1023199	17985	6133	0.0	4.611891263993711	0.0
Pf3D7_03_v3	1024400	1029199	8285	2667	0.0	4.885523187340914	0.0
Pf3D7_03_v3	1030600	1067799	86646	41065	0.0	3.318320064007741	0.0
Pf3D7_04_v3	5000	17799	26263	13903	0.0	2.9708272079291125	0.0
Pf3D7_04_v3	18800	35399	40878	16754	0.0	3.8371847517411353	0.0
Pf3D7_04_v3	36600	37799	1731	1371	3.0489963053727942e-145	1.9856431177983074	3.879361256623258e-145
Pf3D7_04_v3	38800	39999	1637	1283	3.15164678848616e-141	2.0066129227735767	3.9594218057032004e-141
Pf3D7_04_v3	42000	43599	1947	1339	1.7361718829092475e-226	2.286793537834386	2.359615422681205e-226
Pf3D7_04_v3	44400	44799	493	358	9.490969429621362e-53	2.1657357942888784	1.0956756214118868e-52
Pf3D7_04_v3	45600	64199	44842	16264	0.0	4.336099012157125	0.0
Pf3D7_04_v3	65200	75399	26368	9553	0.0	4.3408921317844085	0.0
Pf3D7_04_v3	76600	90199	33643	11934	0.0	4.4335362511323	0.0
Pf3D7_04_v3	98400	101999	7609	3604	0.0	3.3203539620336087	0.0
Pf3D7_04_v3	108400	125599	33820	14758	0.0	3.6040240386003384	0.0
Pf3D7_04_v3	127200	132799	6384	6249	1.5148361999028015e-270	1.606659829790208	2.146616226402548e-270
Pf3D7_04_v3	150400	171799	59060	22271	0.0	4.170568958807619	0.0
Pf3D7_04_v3	329200	329599	416	391	1.4094532545379787e-22	1.673239679668059	1.5324600840249296e-22
Pf3D7_04_v3	545800	569399	69372	21883	0.0	4.985617279268817	0.0
Pf3D7_04_v3	571200	572399	2595	1000	0.0	4.081116045136533	0.0
Pf3D7_04_v3	582600	584799	6547	1538	0.0	6.694645536582275	0.0
Pf3D7_04_v3	597800	614199	47048	16514	0.0	4.48054112529927	0.0
Pf3D7_04_v3	934600	939199	12582	5048	0.0	3.9198722766190515	0.0
Pf3D7_04_v3	950800	950999	430	191	5.9771484110003015e-105	3.5405984109770285	7.14866949955636e-105
Pf3D7_04_v3	962800	990599	87592	33405	0.0	4.123771078604113	0.0
Pf3D7_04_v3	994600	996199	1059	1581	0.04456419561293193	1.053429975126006	0.04516845589242931
Pf3D7_04_v3	1071600	1071799	257	209	5.069669542973781e-22	1.9338750884569866	5.492142004888262e-22
Pf3D7_04_v3	1121000	1150999	67887	27485	0.0	3.884476135081337	0.0
Pf3D7_04_v3	1152400	1153599	3832	1330	0.0	4.531223053287321	0.0
Pf3D7_04_v3	1154600	1168199	40277	13113	0.0	4.830550598641516	0.0
Pf3D7_04_v3	1169000	1171399	6222	2323	0.0	4.212329919012026	0.0
Pf3D7_04_v3	1172600	1200399	74998	28599	0.0	4.12420663014343	0.0
Pf3D7_05_v3	23600	28399	8737	4729	0.0	2.9055918152177815	0.0
Pf3D7_05_v3	29600	42399	32840	12335	0.0	4.187025216004516	0.0
Pf3D7_05_v3	1318400	1343399	71730	25184	0.0	4.479377889219254	0.0
Pf3D7_06_v3	0	12799	33412	13499	0.0	3.8926240108302275	0.0
Pf3D7_06_v3	15000	16199	2665	1204	0.0	3.481066406867558	0.0
Pf3D7_06_v3	17600	24999	14339	4853	0.0	4.646759068935985	0.0
Pf3D7_06_v3	26400	32999	13871	4894	0.0	4.457438793921608	0.0
Pf3D7_06_v3	35200	40999	14509	5077	0.0	4.494401834020892	0.0
Pf3D7_06_v3	43600	44799	947	337	4.3183064114585095e-296	4.419383194964405	6.23755370544007e-296
Pf3D7_06_v3	45800	48999	4194	1285	0.0	5.132948184791951	0.0
Pf3D7_06_v3	50000	50399	567	258	2.7664642203733208e-133	3.45624829740021	3.3900524667689465e-133
Pf3D7_06_v3	51400	54399	2834	2017	5.541142066263705e-305	2.2097112638749694	8.121575871631607e-305
Pf3D7_06_v3	62800	62999	265	251	9.494856036273106e-15	1.6604038596460884	1.0067240974629995e-14
Pf3D7_06_v3	723200	723999	809	938	6.354149589030629e-17	1.356398388123567	6.809644183226373e-17
Pf3D7_06_v3	725200	736399	31856	11849	0.0	4.228157192972047	0.0
Pf3D7_06_v3	737800	745399	18846	8016	0.0	3.6974563871603183	0.0
Pf3D7_06_v3	1311200	1316199	5276	3582	0.0	2.3164385677198185	0.0
Pf3D7_06_v3	1318000	1319799	2001	547	0.0	5.753092331489824	0.0
Pf3D7_06_v3	1321200	1321799	816	284	1.1612975569801708e-261	4.518698869482769	1.6301782607374227e-261
Pf3D7_06_v3	1328800	1343999	36602	12929	0.0	4.452269687644508	0.0
Pf3D7_06_v3	1344800	1352199	15688	5688	0.0	4.337600743891201	0.0
Pf3D7_06_v3	1354000	1370199	39772	15705	0.0	3.9827318925632142	0.0
Pf3D7_06_v3	1371000	1372999	2309	1546	2.200004522774901e-283	2.3488540127721627	3.147374891433949e-283
Pf3D7_06_v3	1374800	1375799	1535	1276	1.960428988486029e-113	1.8919048354638406	2.3731508807988773e-113
Pf3D7_06_v3	1377200	1391799	31546	15096	0.0	3.2864270278407552	0.0
Pf3D7_06_v3	1392600	1393199	648	717	1.0950741980490033e-17	1.4213382119613533	1.1777956302757266e-17
Pf3D7_06_v3	1396400	1396799	427	485	7.126531953922885e-11	1.3846108108561666	7.502933289517403e-11
Pf3D7_06_v3	1397600	1398199	706	646	2.988429347083757e-40	1.7187541699424307	3.3846226317350126e-40
Pf3D7_06_v3	1402400	1402599	262	242	8.655404095909608e-16	1.7026583286768446	9.242735088132046e-16
Pf3D7_06_v3	1404400	1411999	15885	7956	0.0	3.1400316566255944	0.0
Pf3D7_07_v3	200	1599	1896	2630	3.9289351291141124e-08	1.1337679248011117	4.0369470914265274e-08
Pf3D7_07_v3	7600	31399	71461	23872	0.0	4.7078418505229855	0.0
Pf3D7_07_v3	34200	46599	31253	11981	0.0	4.102420989902351	0.0
Pf3D7_07_v3	47600	50999	7138	2565	0.0	4.376538527034607	0.0
Pf3D7_07_v3	53400	53799	581	257	1.2613621681012879e-141	3.555368258660138	1.5913387690391777e-141
Pf3D7_07_v3	54600	57199	4135	1589	0.0	4.092542502983436	0.0
Pf3D7_07_v3	58600	61399	4957	1471	0.0	5.299657799209062	0.0
Pf3D7_07_v3	69400	69599	300	75	4.012425480647012e-133	6.290737641828953	4.896796811075333e-133
Pf3D7_07_v3	71000	72599	3902	1268	0.0	4.839601395586864	0.0
Pf3D7_07_v3	73400	83799	24461	10337	0.0	3.721527847943746	0.0
Pf3D7_07_v3	84800	85399	727	621	5.887047732871518e-51	1.8411297365578296	6.744165793596107e-51
Pf3D7_07_v3	89200	90799	1888	1838	1.9604471480413667e-83	1.615466902580667	2.3260861002554312e-83
Pf3D7_07_v3	91800	92999	1188	1332	9.662116245901416e-29	1.402664474191591	1.0660416079426286e-28
Pf3D7_07_v3	507000	610399	296763	101708	0.0	4.588769258077255	0.0
Pf3D7_07_v3	1379000	1386999	19644	8150	0.0	3.790651847732759	0.0
Pf3D7_07_v3	1387800	1389399	2569	886	0.0	4.560074774790795	0.0
Pf3D7_07_v3	1391000	1412399	56043	18653	0.0	4.725135496448561	0.0
Pf3D7_07_v3	1413800	1415799	3086	1528	0.0	3.1762461326381133	0.0
Pf3D7_07_v3	1417600	1418799	1992	1394	3.1273821805159447e-223	2.247336689835594	4.231164126580396e-223
Pf3D7_07_v3	1419800	1432199	38247	13045	0.0	4.6109973665586805	0.0
Pf3D7_07_v3	1434200	1445199	29068	12113	0.0	3.774027114931974	0.0
Pf3D7_08_v3	0	50999	171162	77850	0.0	3.457723944286214	0.0
Pf3D7_08_v3	52600	53799	3671	1101	0.0	5.243709782732535	0.0
Pf3D7_08_v3	54800	61799	12439	4086	0.0	4.787719378775719	0.0
Pf3D7_08_v3	67200	71799	4583	3458	0.0	2.084329859203448	0.0
Pf3D7_08_v3	72600	72999	452	522	1.7219398478809323e-10	1.3617880335759993	1.8065263667242061e-10
Pf3D7_08_v3	75800	85599	20586	9190	0.0	3.522881531411611	0.0
Pf3D7_08_v3	427000	464399	114080	37445	0.0	4.791342970889618	0.0
Pf3D7_08_v3	465200	466599	2659	1984	5.261728971503191e-257	2.1077458908295346	7.317474244090483e-257
Pf3D7_08_v3	1311600	1313999	2803	2805	3.4009347687933867e-110	1.5715630668490692	4.0838533970651516e-110
Pf3D7_08_v3	1400200	1400399	254	47	6.181532480960059e-142	8.499188090556139	7.831687338165499e-142
Pf3D7_08_v3	1403000	1403199	254	34	3.218243470281961e-174	11.74887765459231	4.129848916799598e-174
Pf3D7_08_v3	1404600	1404999	445	123	7.601584041774971e-180	5.689793192304642	9.796869088322053e-180
Pf3D7_08_v3	1413800	1415399	1203	198	0.0	9.555249221111403	0.0
Pf3D7_08_v3	1417600	1418799	752	167	0.0	7.081788483017025	0.0
Pf3D7_08_v3	1421400	1422599	1137	381	0.0	4.693286547742467	0.0
Pf3D7_08_v3	1424800	1425599	1005	243	0.0	6.504312067940429	0.0
Pf3D7_08_v3	1427400	1428199	702	105	0.0	10.514518629914107	0.0
Pf3D7_08_v3	1429400	1429999	800	264	4.0074320502720236e-271	4.765710334718904	5.705819919196834e-271
Pf3D7_08_v3	1435800	1437399	1382	380	0.0	5.719604882241851	0.0
Pf3D7_08_v3	1441200	1441599	725	126	0.0	9.049176171281728	0.0
Pf3D7_08_v3	1443400	1445199	1628	247	0.0	10.365709393620987	0.0
Pf3D7_08_v3	1461200	1464399	3346	546	0.0	9.637732669212307	0.0
Pf3D7_09_v3	0	27999	75627	30012	0.0	3.9629949323487126	0.0
Pf3D7_09_v3	29600	32599	4052	1553	0.0	4.103359453427386	0.0
Pf3D7_09_v3	33400	37599	12075	4247	0.0	4.471430246355346	0.0
Pf3D7_09_v3	38600	40799	3359	1341	0.0	3.9393340303697713	0.0
Pf3D7_09_v3	42400	47399	12580	4775	0.0	4.143323535822421	0.0
Pf3D7_09_v3	48200	51599	8203	2727	0.0	4.730740821041703	0.0
Pf3D7_09_v3	52600	78799	59320	21085	0.0	4.424550117539643	0.0
Pf3D7_09_v3	1447000	1457399	21107	9641	0.0	3.443071242767444	0.0
Pf3D7_09_v3	1458400	1479399	50583	20529	0.0	3.8750594541457684	0.0
Pf3D7_09_v3	1480800	1482199	3133	1370	0.0	3.596511137198925	0.0
Pf3D7_09_v3	1483600	1489999	13356	4426	0.0	4.745768862645024	0.0
Pf3D7_09_v3	1490800	1490999	403	130	3.666132905277247e-141	4.875321672417439	4.586500998652288e-141
Pf3D7_09_v3	1492600	1493799	2537	1201	0.0	3.322148500691102	0.0
Pf3D7_09_v3	1495600	1497199	2024	1728	7.322935155262994e-138	1.8420794252114874	9.085301292214253e-138
Pf3D7_09_v3	1498000	1513599	32821	16415	0.0	3.144506551057997	0.0
Pf3D7_09_v3	1516400	1517799	1193	1589	1.0463282843989467e-08	1.1807504730493927	1.078800541500983e-08
Pf3D7_09_v3	1518600	1519799	1042	1353	8.992782979503623e-10	1.2111878460431944	9.401545842208335e-10
Pf3D7_09_v3	1521200	1522799	1609	1853	5.9439694414977704e-33	1.3655959074072836	6.606865661739157e-33
Pf3D7_09_v3	1532000	1533599	2527	371	0.0	10.712057965567226	0.0
Pf3D7_09_v3	1541200	1541399	251	270	5.82171455813145e-09	1.4620140260176548	6.0231579684474175e-09
Pf3D7_10_v3	400	799	655	1025	0.43912061772782424	1.0049836964385277	0.44357116452911977
Pf3D7_10_v3	2200	13399	18747	12109	0.0	2.4348100291388097	0.0
Pf3D7_10_v3	14200	36599	49993	26626	0.0	2.952873572147101	0.0
Pf3D7_10_v3	38000	39599	3116	1337	0.0	3.6652839364134286	0.0
Pf3D7_10_v3	40400	61399	49842	19820	0.0	3.954880746014615	0.0
Pf3D7_10_v3	66800	66999	273	234	2.7393468611691285e-20	1.834798478866778	2.956912315846821e-20
Pf3D7_10_v3	68000	68199	313	230	1.896067411164192e-33	2.1402183498831113	2.11538864156005e-33
Pf3D7_10_v3	1428800	1438199	20673	10261	0.0	3.1685123104358723	0.0
Pf3D7_10_v3	1543600	1545599	2389	4428	1	0.8484966252444314	1
Pf3D7_10_v3	1570000	1571999	3171	2079	0.0	2.398740868475181	0.0
Pf3D7_10_v3	1572800	1573599	520	222	7.393838023522213e-133	3.6837652857556935	8.986819386313583e-133
Pf3D7_10_v3	1575000	1577799	3797	1517	0.0	3.9363762073211164	0.0
Pf3D7_10_v3	1578800	1579999	1742	746	0.0	3.6724078324618086	0.0
Pf3D7_10_v3	1581000	1584999	7204	3272	0.0	3.4625973389162423	0.0
Pf3D7_10_v3	1589600	1594599	5955	2201	0.0	4.25503664891997	0.0
Pf3D7_10_v3	1598200	1598399	352	105	2.684417159051053e-133	5.272237261723314	3.3030482738940935e-133
Pf3D7_10_v3	1599600	1600799	2463	996	0.0	3.8890780150162425	0.0
Pf3D7_10_v3	1602400	1637399	102547	38054	0.0	4.238031960875556	0.0
Pf3D7_10_v3	1638200	1638599	610	366	3.6871018944411636e-94	2.6211406840953972	4.3922050455693545e-94
Pf3D7_10_v3	1639400	1657799	42476	18006	0.0	3.7099490735633487	0.0
Pf3D7_10_v3	1659400	1660799	1204	1596	3.5873672680828834e-09	1.186411046485285	3.7243847679054938e-09
Pf3D7_10_v3	1662600	1664199	1623	1706	1.1323046830199195e-52	1.4961704561383926	1.3021503854729074e-52
Pf3D7_10_v3	1665800	1666999	1084	1197	1.583498004972831e-28	1.4242187977741405	1.7406834687017515e-28
Pf3D7_10_v3	1669200	1671399	1992	2424	2.0241997810568623e-28	1.2924040204747602	2.216980712586087e-28
Pf3D7_10_v3	1676000	1680599	10408	4700	0.0	3.482659434901901	0.0
Pf3D7_11_v3	200	31399	93611	48360	0.0	3.0442630344770993	0.0
Pf3D7_11_v3	32600	50399	39705	15687	0.0	3.980584848422557	0.0
Pf3D7_11_v3	52000	62199	20703	7977	0.0	4.081645399234826	0.0
Pf3D7_11_v3	64600	64999	486	275	2.3659912128931106e-83	2.7793622672080645	2.7961714334191308e-83
Pf3D7_11_v3	66600	76999	23813	8383	0.0	4.467414274867973	0.0
Pf3D7_11_v3	78200	79599	1601	378	0.0	6.661025770217033	0.0
Pf3D7_11_v3	82600	84199	1704	591	0.0	4.534440330658433	0.0
Pf3D7_11_v3	85000	86799	2367	645	0.0	5.771386045817493	0.0
Pf3D7_11_v3	88400	88799	668	242	1.0608672479865582e-205	4.341128868534856	1.3973537759822946e-205
Pf3D7_11_v3	93800	100399	10548	5264	0.0	3.1513440656350586	0.0
Pf3D7_11_v3	101400	102399	1602	728	0.0	3.4607698153193622	0.0
Pf3D7_11_v3	103400	103599	339	164	2.244107276074332e-74	3.2508537508841693	2.610848542981421e-74
Pf3D7_11_v3	104400	110999	7475	3471	0.0	3.3868671760783218	0.0
Pf3D7_11_v3	136600	137399	768	896	1.2938604540277232e-15	1.348015208963347	1.3767411948551219e-15
Pf3D7_11_v3	1651600	1654399	2645	3421	9.058176819233618e-23	1.2159457075882476	9.884652806389969e-23
Pf3D7_11_v3	1839400	1850599	23343	12211	0.0	3.006401784727157	0.0
Pf3D7_11_v3	1982800	1998399	33528	15970	0.0	3.301750965172842	0.0
Pf3D7_11_v3	2001600	2022999	58307	21727	0.0	4.220486487804584	0.0
Pf3D7_11_v3	2024400	2037999	40082	13726	0.0	4.592476798772186	0.0
Pf3D7_12_v3	7400	9799	2322	342	0.0	10.677699418367565	0.0
Pf3D7_12_v3	13600	14399	994	227	0.0	6.886556405262091	0.0
Pf3D7_12_v3	16800	16999	262	29	1.1993567613260216e-199	14.208390191027464	1.5728406650722826e-199
Pf3D7_12_v3	27000	27199	426	90	1.7425805228103684e-214	7.444039542830928	2.326033822858483e-214
Pf3D7_12_v3	30200	32599	2862	562	0.0	8.008937335816043	0.0
Pf3D7_12_v3	37000	41999	8201	5660	0.0	2.278725238544136	0.0
Pf3D7_12_v3	43800	45599	2339	1868	3.4889322227062255e-191	1.9692231456421199	4.5356118895180935e-191
Pf3D7_12_v3	46400	47999	1789	1470	4.4270137380548884e-136	1.9139676260598635	5.469740114373602e-136
Pf3D7_12_v3	50800	57599	8458	7487	0.0	1.7766481559566343	0.0
Pf3D7_12_v3	61400	62999	1905	1892	6.078903492896472e-78	1.583490381565031	7.099969313968926e-78
Pf3D7_12_v3	763200	785399	68717	21907	0.0	4.933133456584199	0.0
Pf3D7_12_v3	825000	829999	9772	5195	0.0	2.9582814358013727	0.0
Pf3D7_12_v3	903600	915999	35981	13137	0.0	4.3074337955897	0.0
Pf3D7_12_v3	974400	975599	1827	3220	1	0.8923274589768243	1
Pf3D7_12_v3	1688800	1743399	153523	52367	0.0	4.610598826486653	0.0
Pf3D7_12_v3	2162200	2169799	16097	7693	0.0	3.29071895946057	0.0
Pf3D7_12_v3	2183200	2196399	29374	11843	0.0	3.9007035272119324	0.0
Pf3D7_12_v3	2197200	2197599	679	260	1.5363042756851847e-196	4.107125825771019	2.0059169363749792e-196
Pf3D7_12_v3	2199200	2202799	7452	2717	0.0	4.313450212266227	0.0
Pf3D7_12_v3	2203600	2230199	66854	23736	0.0	4.42956873848619	0.0
Pf3D7_12_v3	2231200	2236599	9730	3111	0.0	4.918746163210842	0.0
Pf3D7_12_v3	2238000	2239599	3715	1537	0.0	3.801250868476669	0.0
Pf3D7_12_v3	2241200	2242599	2061	1481	7.834351781813342e-218	2.188590526639006	1.0504355079651072e-217
Pf3D7_12_v3	2243400	2246799	8318	3205	0.0	4.0816190097295815	0.0
Pf3D7_12_v3	2250000	2250599	772	170	0.0	7.141837440429341	0.0
Pf3D7_12_v3	2262200	2264199	2334	328	0.0	11.190992115875591	0.0
Pf3D7_13_v3	200	599	794	1009	2.8569546728978226e-09	1.2375732625401854	2.976409223681007e-09
Pf3D7_13_v3	24000	26599	5854	2584	0.0	3.562884883442985	0.0
Pf3D7_13_v3	27400	28799	2283	1486	1.6779471242196948e-296	2.4161766548276415	2.4354669424353824e-296
Pf3D7_13_v3	30200	31999	3463	1596	0.0	3.412409845497128	0.0
Pf3D7_13_v3	32800	46799	40630	13109	0.0	4.874373910815286	0.0
Pf3D7_13_v3	47800	51999	11098	4147	0.0	4.208741641488891	0.0
Pf3D7_13_v3	53400	59199	12925	5601	0.0	3.6291637216853787	0.0
Pf3D7_13_v3	60000	61199	1672	582	0.0	4.518089921451034	0.0
Pf3D7_13_v3	62600	66599	6761	2347	0.0	4.530430037963948	0.0
Pf3D7_13_v3	69200	71999	4628	1938	0.0	3.7556158160970585	0.0
Pf3D7_13_v3	73000	79599	11483	6546	0.0	2.7588046265323047	0.0
Pf3D7_13_v3	85400	88599	2984	3230	1.1565575150461882e-82	1.4529072076793805	1.36145943700319e-82
Pf3D7_13_v3	89600	90999	1396	1555	1.4393023159783677e-34	1.4118761652722216	1.611802968080644e-34
Pf3D7_13_v3	117800	125599	16128	6927	0.0	3.6616506672230895	0.0
Pf3D7_13_v3	2822200	2841399	36133	18413	0.0	3.0861785587927764	0.0
Pf3D7_13_v3	2842600	2844599	1609	1789	6.7952149213718416e-40	1.4144489750842348	7.667053816944078e-40
Pf3D7_13_v3	2845800	2846999	1159	791	4.7026947670433704e-138	2.3043504825789367	5.858773897274866e-138
Pf3D7_13_v3	2850400	2851199	1058	406	6.791562454277971e-304	4.09827612380236	9.905742311361527e-304
Pf3D7_13_v3	2852600	2864999	30153	10393	0.0	4.5627973663539985	0.0
Pf3D7_13_v3	2865800	2867399	1704	522	0.0	5.133820374366157	0.0
Pf3D7_13_v3	2868600	2879999	27003	9311	0.0	4.560970587002127	0.0
Pf3D7_13_v3	2881000	2882999	3082	1430	0.0	3.3895198272931526	0.0
Pf3D7_13_v3	2884800	2923199	105671	72347	0.0	2.297083974973763	0.0
Pf3D7_14_v3	0	2999	4109	5382	2.3878429649047477e-30	1.2006986701168325	2.6443149870611836e-30
Pf3D7_14_v3	3800	5399	2098	1417	3.430487681278882e-253	2.3285052174589174	4.748684336585119e-253
Pf3D7_14_v3	7000	30399	58044	20013	0.0	4.561279864117321	0.0
Pf3D7_14_v3	31200	33599	4055	1665	0.0	3.830171341984445	0.0
Pf3D7_14_v3	34600	42599	20254	8134	0.0	3.9160499200148635	0.0
Pf3D7_14_v3	941400	944999	3987	3883	3.036134490768128e-173	1.614806269506312	3.879505182648164e-173
Pf3D7_14_v3	994200	1003599	18398	9685	0.0	2.9875320375417935	0.0
Pf3D7_14_v3	3087800	3111999	57405	27108	0.0	3.330380278231436	0.0
Pf3D7_14_v3	3147400	3154799	18345	7760	0.0	3.7178989059069636	0.0
Pf3D7_14_v3	3161800	3185599	51573	21348	0.0	3.7993279511200653	0.0
Pf3D7_14_v3	3193600	3197199	5619	3032	0.0	2.914549374129031	0.0
Pf3D7_14_v3	3198200	3217599	47135	18504	0.0	4.006078668769019	0.0
Pf3D7_14_v3	3218400	3229599	24262	11739	0.0	3.250402007540124	0.0
Pf3D7_14_v3	3235800	3243599	16531	8032	0.0	3.2368085146001753	0.0
Pf3D7_14_v3	3244800	3260999	29916	13943	0.0	3.374340301458706	0.0
Pf3D7_14_v3	3261800	3262199	684	283	9.614594778430042e-181	3.80111709099912	1.2444865102816373e-180
Pf3D7_14_v3	3265400	3268599	5929	1988	0.0	4.6903651255538055	0.0
Pf3D7_14_v3	3269600	3291799	54705	18942	0.0	4.54195442266198	0.0
Pf_M76611	1600	5799	3996	19033	1	0.33018688090091547	1
