Pf3D7_01_v3	0	34799	98967	28112	0.0	4.490621450628753	0.0
Pf3D7_01_v3	35600	37199	2243	1348	8.46892526005267e-221	2.122497397700062	1.1804032995206155e-220
Pf3D7_01_v3	39000	39999	2476	769	0.0	4.107069817231598	0.0
Pf3D7_01_v3	41400	48399	15031	4515	0.0	4.246566263517541	0.0
Pf3D7_01_v3	50000	51599	1867	1094	3.2498786759684635e-195	2.176881462111297	4.431652739956995e-195
Pf3D7_01_v3	53200	57399	6165	2039	0.0	3.856769111071193	0.0
Pf3D7_01_v3	58400	67199	25356	7235	0.0	4.4704371418400095	0.0
Pf3D7_01_v3	68400	68599	591	97	5.3284493198840726e-306	7.771834283203703	8.030916439059727e-306
Pf3D7_01_v3	71600	73199	908	287	1.247095579240922e-256	4.035633670725513	1.8186810530596782e-256
Pf3D7_01_v3	74600	77599	3410	854	0.0	5.093359062469614	0.0
Pf3D7_01_v3	78400	78799	612	119	6.076028567073334e-278	6.560126980166142	8.943686909477103e-278
Pf3D7_01_v3	79800	79999	486	114	2.7497002215133804e-188	5.437999996716671	3.7174058788700206e-188
Pf3D7_01_v3	81000	83599	4971	1118	0.0	5.6716542071367835	0.0
Pf3D7_01_v3	84400	84999	1253	324	0.0	4.93303101363488	0.0
Pf3D7_01_v3	85800	85999	399	104	2.5927654973039416e-140	4.893812675107916	3.347217752666974e-140
Pf3D7_01_v3	87000	95999	21393	6729	0.0	4.055355655483149	0.0
Pf3D7_01_v3	524400	536199	34827	10114	0.0	4.392390076373024	0.0
Pf3D7_01_v3	543400	546599	7210	2802	0.0	3.2822746519250656	0.0
Pf3D7_01_v3	547400	548199	1836	386	0.0	6.067267699272831	0.0
Pf3D7_01_v3	549400	582799	68326	22932	0.0	3.800597239577668	0.0
Pf3D7_01_v3	587800	590199	2920	937	0.0	3.9751273412366874	0.0
Pf3D7_01_v3	591000	601999	26226	7894	0.0	4.237822084539808	0.0
Pf3D7_01_v3	602800	605599	3174	1944	1.2609422641142539e-297	2.0826603401539114	1.8735698735659906e-297
Pf3D7_01_v3	607400	608599	1647	988	1.6217088002458082e-163	2.12639743461357	2.1463792944429813e-163
Pf3D7_01_v3	609600	621399	36245	8880	0.0	5.206464642057222	0.0
Pf3D7_01_v3	623000	625599	5494	1748	0.0	4.009174984160143	0.0
Pf3D7_01_v3	627000	640799	32080	11254	0.0	3.6360951036325573	0.0
Pf3D7_02_v3	0	28999	88518	25674	0.0	4.397904971103955	0.0
Pf3D7_02_v3	30000	31199	1321	1016	5.76935668425555e-65	1.6585054184600918	6.857914549209427e-65
Pf3D7_02_v3	33000	34999	4184	1467	0.0	3.6380557258787016	0.0
Pf3D7_02_v3	35800	49999	39280	11478	0.0	4.365289429213575	0.0
Pf3D7_02_v3	51600	52999	1730	370	0.0	5.964199529265164	0.0
Pf3D7_02_v3	54200	72199	47545	15262	0.0	3.9737559168450227	0.0
Pf3D7_02_v3	128000	128199	239	184	2.1059046443044972e-13	1.6568678197188942	2.2953631936190887e-13
Pf3D7_02_v3	360800	381599	57064	18482	0.0	3.9384109493522304	0.0
Pf3D7_02_v3	831600	831999	436	378	1.3664432857997928e-14	1.4713041992553693	1.4997548258778214e-14
Pf3D7_02_v3	841800	851999	19135	8442	0.0	2.8912850047327976	0.0
Pf3D7_02_v3	853800	853999	247	156	1.3890572419808708e-23	2.0196687230604096	1.55712822499635e-23
Pf3D7_02_v3	857200	867399	22316	8769	0.0	3.2461909879047197	0.0
Pf3D7_02_v3	870200	870999	729	687	2.909222516412985e-15	1.3535633179600446	3.2154564655090893e-15
Pf3D7_02_v3	872200	875999	5190	2271	0.0	2.915130549310582	0.0
Pf3D7_02_v3	877800	878999	1897	414	0.0	5.84486890563783	0.0
Pf3D7_02_v3	880400	880999	833	254	1.5840505002129647e-245	4.183300571013645	2.2888803099407517e-245
Pf3D7_02_v3	884000	885399	1909	394	0.0	6.180412918496909	0.0
Pf3D7_02_v3	886600	887399	1855	499	0.0	4.741886486164405	0.0
Pf3D7_02_v3	889200	897599	19123	4860	0.0	5.0191195569959985	0.0
Pf3D7_02_v3	898400	900599	6231	1796	0.0	4.425467992048791	0.0
Pf3D7_02_v3	901600	910399	16671	4224	0.0	5.034374593621425	0.0
Pf3D7_02_v3	913400	914599	2201	853	0.0	3.2913858402833056	0.0
Pf3D7_02_v3	916400	917599	1762	1010	1.3727279822644423e-193	2.225319201687822	1.8638332517814626e-193
Pf3D7_02_v3	918400	946999	87730	22882	0.0	4.890597631070795	0.0
Pf3D7_03_v3	200	42399	100541	42645	0.0	3.0073423268262456	0.0
Pf3D7_03_v3	43200	44399	1615	985	2.9178431893990073e-154	2.0914336015447894	3.829669186086197e-154
Pf3D7_03_v3	46400	47399	1783	651	0.0	3.4936399061040118	0.0
Pf3D7_03_v3	49800	50399	1130	245	0.0	5.883288482212493	0.0
Pf3D7_03_v3	51200	53199	3786	918	0.0	5.26072637461762	0.0
Pf3D7_03_v3	54200	56999	5999	1379	0.0	5.54909782205537	0.0
Pf3D7_03_v3	58800	63999	9463	2603	0.0	4.637270791108395	0.0
Pf3D7_03_v3	64800	79999	34447	11774	0.0	3.7319443467727424	0.0
Pf3D7_03_v3	116200	122999	16209	5216	0.0	3.963934089290383	0.0
Pf3D7_03_v3	123800	132599	24691	7171	0.0	4.392044604312802	0.0
Pf3D7_03_v3	137000	137999	710	580	7.703852421462005e-29	1.5614861633824584	8.697897895199039e-29
Pf3D7_03_v3	139600	140599	731	551	1.5213873843546384e-39	1.6922852267347324	1.7490402411376317e-39
Pf3D7_03_v3	848200	857999	29527	9033	0.0	4.1696067671733275	0.0
Pf3D7_03_v3	1002800	1004799	3086	1253	0.0	3.1416126413396515	0.0
Pf3D7_03_v3	1007200	1008199	2392	646	0.0	4.723201159094509	0.0
Pf3D7_03_v3	1009600	1010399	842	300	7.558573846763418e-206	3.5801285575091892	1.039716489838636e-205
Pf3D7_03_v3	1013400	1013599	502	98	8.572363360096808e-228	6.534094730244849	1.2108943759778003e-227
Pf3D7_03_v3	1015800	1023199	18162	4920	0.0	4.708757811068442	0.0
Pf3D7_03_v3	1024400	1025199	992	349	5.759576970538872e-246	3.6257180635365884	8.360676247556428e-246
Pf3D7_03_v3	1027800	1028999	1397	866	1.164213659522655e-128	2.057720096838745	1.4669092109985453e-128
Pf3D7_03_v3	1030800	1031799	1327	905	2.704148480958916e-95	1.8703812006986893	3.288829233598682e-95
Pf3D7_03_v3	1033000	1067799	98498	32800	0.0	3.8305519233120195	0.0
Pf3D7_04_v3	0	599	1038	643	2.1297275250190885e-96	2.0591793087043024	2.6002487224070265e-96
Pf3D7_04_v3	2800	2999	245	52	3.7873179681452546e-105	6.009945390483406	4.678451607708844e-105
Pf3D7_04_v3	5000	17999	40346	10324	0.0	4.984943879397742	0.0
Pf3D7_04_v3	18800	37599	51593	14081	0.0	4.673745589040359	0.0
Pf3D7_04_v3	38800	39799	1330	798	1.7952944953570602e-132	2.1259670769056944	2.2988527074694064e-132
Pf3D7_04_v3	42000	43599	2748	1046	0.0	3.3511419850880584	0.0
Pf3D7_04_v3	44400	57799	42583	9853	0.0	5.512842141634538	0.0
Pf3D7_04_v3	58600	58799	347	153	3.7337533705921e-64	2.8929826497501017	4.421550044122223e-64
Pf3D7_04_v3	59800	62199	3802	1275	0.0	3.8037302712449175	0.0
Pf3D7_04_v3	63000	64199	3712	934	0.0	5.069543761974692	0.0
Pf3D7_04_v3	65200	74999	24369	7697	0.0	4.038536445143422	0.0
Pf3D7_04_v3	76600	90199	31078	9564	0.0	4.144968934509107	0.0
Pf3D7_04_v3	108400	114999	10029	4912	0.0	2.604396231386874	0.0
Pf3D7_04_v3	120400	124599	6189	3266	0.0	2.417197226999879	0.0
Pf3D7_04_v3	150600	171799	55335	17035	0.0	4.143483000900849	0.0
Pf3D7_04_v3	329200	329599	406	360	1.898601305115411e-12	1.438571055372853	2.0622738314184636e-12
Pf3D7_04_v3	546000	546599	541	506	2.7341620994561576e-12	1.3638120813509653	2.9596600045659436e-12
Pf3D7_04_v3	548600	554399	7541	4771	0.0	2.016170747467513	0.0
Pf3D7_04_v3	555400	557599	2076	1698	1.024487766122897e-79	1.5595433398078522	1.2412063320335098e-79
Pf3D7_04_v3	558600	569399	31086	7452	0.0	5.321079915675557	0.0
Pf3D7_04_v3	571400	572399	1370	474	0.0	3.686803665013673	0.0
Pf3D7_04_v3	582600	584599	2555	201	0.0	16.21446531789268	0.0
Pf3D7_04_v3	597800	610399	30555	10148	0.0	3.84069318298306	0.0
Pf3D7_04_v3	934600	939199	14346	3823	0.0	4.786679103105795	0.0
Pf3D7_04_v3	950800	950999	495	168	9.152414065420259e-130	3.7584060823868524	1.1625042058900733e-129
Pf3D7_04_v3	962800	991599	87479	27287	0.0	4.089364325590205	0.0
Pf3D7_04_v3	1127800	1147799	41950	17068	0.0	3.13514127757888	0.0
Pf3D7_04_v3	1148600	1149599	2007	558	0.0	4.58797411112874	0.0
Pf3D7_04_v3	1150600	1150999	562	132	5.164086039746061e-217	5.430879532822728	7.166022478061715e-217
Pf3D7_04_v3	1152400	1153599	4151	973	0.0	5.441863927791698	0.0
Pf3D7_04_v3	1154600	1167799	36615	9821	0.0	4.755663446954608	0.0
Pf3D7_04_v3	1169400	1171199	2342	1258	7.906268335337507e-294	2.3747288843146914	1.169236866493575e-293
Pf3D7_04_v3	1173000	1200399	85119	21711	0.0	5.000972547164178	0.0
Pf3D7_05_v3	23600	26399	7652	2088	0.0	4.674683928874245	0.0
Pf3D7_05_v3	27400	28199	922	704	3.440225713847808e-47	1.6705752655457813	4.0135966661557756e-47
Pf3D7_05_v3	29800	45599	33925	13105	0.0	3.3021030027024345	0.0
Pf3D7_05_v3	69000	69399	400	363	4.5995351380542645e-11	1.4055980673756656	4.9618272893393606e-11
Pf3D7_05_v3	1322400	1332199	23235	7796	0.0	3.801706903430257	0.0
Pf3D7_05_v3	1333200	1343399	34367	8516	0.0	5.147706237577595	0.0
Pf3D7_06_v3	0	12599	36552	10701	0.0	4.357070288480905	0.0
Pf3D7_06_v3	15000	16199	2759	853	0.0	4.125821687115693	0.0
Pf3D7_06_v3	17800	24999	13467	3964	0.0	4.333561850356557	0.0
Pf3D7_06_v3	26400	32999	14463	3603	0.0	5.120376658332566	0.0
Pf3D7_06_v3	35200	40999	13534	4112	0.0	4.198371364616975	0.0
Pf3D7_06_v3	47600	48999	1562	489	0.0	4.074552851689196	0.0
Pf3D7_06_v3	50000	50399	509	207	6.298005962575448e-105	3.1365717163623144	7.749499524262758e-105
Pf3D7_06_v3	51400	52999	2674	886	0.0	3.8497760476156837	0.0
Pf3D7_06_v3	53800	58199	6347	1929	0.0	4.197049156180542	0.0
Pf3D7_06_v3	59400	66799	10076	3596	0.0	3.5741786874697072	0.0
Pf3D7_06_v3	68600	73399	8180	3088	0.0	3.378965807465397	0.0
Pf3D7_06_v3	723200	723999	763	690	1.0091644812246759e-19	1.4105329388513432	1.1193197591048343e-19
Pf3D7_06_v3	725400	736199	30804	8811	0.0	4.459536250391761	0.0
Pf3D7_06_v3	738200	745199	10709	6103	0.0	2.2382744315828034	0.0
Pf3D7_06_v3	1302400	1309999	8152	4763	0.0	2.1831892014615017	0.0
Pf3D7_06_v3	1311000	1316199	7950	2817	0.0	3.599880353865872	0.0
Pf3D7_06_v3	1318000	1318999	1404	319	0.0	5.614152556693909	0.0
Pf3D7_06_v3	1321200	1321799	673	169	1.9434056373893717e-243	5.079677548251594	2.7953094784367674e-243
Pf3D7_06_v3	1329200	1343999	34580	10075	0.0	4.3781205867632105	0.0
Pf3D7_06_v3	1344800	1352199	14135	4500	0.0	4.006739284274932	0.0
Pf3D7_06_v3	1354200	1356199	1654	1458	6.539591968389365e-46	1.4470574260090612	7.60137073816476e-46
Pf3D7_06_v3	1357000	1367399	16267	8135	0.0	2.550690087770738	0.0
Pf3D7_06_v3	1368200	1369199	1735	778	3.9211573386745554e-302	2.844642322697722	5.853860481907512e-302
Pf3D7_06_v3	1371000	1372399	1177	722	1.4250526533926492e-111	2.079443143643769	1.7813158167408114e-111
Pf3D7_06_v3	1374800	1375999	1502	1055	1.022497053176818e-98	1.8160393646515751	1.2532551429988235e-98
Pf3D7_06_v3	1377200	1411999	90747	26757	0.0	4.3261606531665215	0.0
Pf3D7_06_v3	1416400	1417999	2054	1960	1.683100494810061e-36	1.336756033458458	1.9139951475276864e-36
Pf3D7_07_v3	200	31399	93761	25964	0.0	4.606365716324637	0.0
Pf3D7_07_v3	34200	46599	30247	9404	0.0	4.102772831252651	0.0
Pf3D7_07_v3	47600	50999	6515	2051	0.0	4.051879718978235	0.0
Pf3D7_07_v3	55600	57199	2576	863	0.0	3.8075257405161542	0.0
Pf3D7_07_v3	59200	61599	4336	889	0.0	6.22150275284348	0.0
Pf3D7_07_v3	71000	72599	3600	894	0.0	5.136564749570805	0.0
Pf3D7_07_v3	73400	82599	21318	7594	0.0	3.5808295611384455	0.0
Pf3D7_07_v3	507200	510599	5085	2329	0.0	2.7850259989863773	0.0
Pf3D7_07_v3	511600	607999	268200	74116	0.0	4.615880808673759	0.0
Pf3D7_07_v3	608800	610399	1360	1341	3.635436197089789e-20	1.2936533443363507	4.046510254711249e-20
Pf3D7_07_v3	1379000	1386799	18227	6171	0.0	3.7676229373612142	0.0
Pf3D7_07_v3	1387800	1389399	2625	653	0.0	5.127715384573459	0.0
Pf3D7_07_v3	1391000	1411599	52320	14915	0.0	4.47457985103745	0.0
Pf3D7_07_v3	1413800	1415799	3058	1165	0.0	3.3482612812931913	0.0
Pf3D7_07_v3	1417600	1418799	1869	1049	1.0681760347565551e-214	2.2726973117655342	1.4757695217031353e-214
Pf3D7_07_v3	1419800	1432399	40725	9788	0.0	5.30731564407342	0.0
Pf3D7_07_v3	1434200	1445199	32514	9201	0.0	4.507577015879474	0.0
Pf3D7_08_v3	0	26399	83760	21218	0.0	5.035469950842331	0.0
Pf3D7_08_v3	27400	28399	1103	795	1.242346741789117e-67	1.7697673100580988	1.487981839024988e-67
Pf3D7_08_v3	29200	50999	62699	16660	0.0	4.800576581809488	0.0
Pf3D7_08_v3	52600	53799	3755	776	0.0	6.172427608593465	0.0
Pf3D7_08_v3	54800	58599	8205	2077	0.0	5.039063995958947	0.0
Pf3D7_08_v3	59400	61799	2997	920	0.0	4.155341301838934	0.0
Pf3D7_08_v3	65800	71799	9522	2962	0.0	4.100633053267256	0.0
Pf3D7_08_v3	165400	165999	569	474	8.604635652990721e-22	1.5312345148852406	9.611561101744955e-22
Pf3D7_08_v3	427000	464399	93212	29482	0.0	4.032948439845335	0.0
Pf3D7_08_v3	465200	466399	2417	1074	0.0	2.8706493993748956	0.0
Pf3D7_08_v3	1380800	1389399	16872	7075	0.0	3.0419208357500667	0.0
Pf3D7_08_v3	1392400	1419199	62913	20551	0.0	3.9049476923566138	0.0
Pf3D7_08_v3	1420000	1422599	6133	1590	0.0	4.920209842514198	0.0
Pf3D7_08_v3	1423400	1430599	12859	3799	0.0	4.317632636261698	0.0
Pf3D7_08_v3	1432600	1433999	1621	1072	3.7284999164247733e-126	1.928839159513506	4.679193122206389e-126
Pf3D7_08_v3	1435800	1472799	103323	29503	0.0	4.4672330872208335	0.0
Pf3D7_09_v3	0	25599	79439	20412	0.0	4.964276855447133	0.0
Pf3D7_09_v3	26600	27999	1746	1133	1.0767037035864311e-142	1.965722073933279	1.395727023167596e-142
Pf3D7_09_v3	29800	30799	1489	823	3.527073877036825e-177	2.30782379891561	4.70774691214661e-177
Pf3D7_09_v3	33400	37599	10484	3099	0.0	4.315322136356108	0.0
Pf3D7_09_v3	38600	38999	554	206	5.25368973770932e-129	3.4304439629293824	6.646234005535888e-129
Pf3D7_09_v3	39800	40799	2290	706	0.0	4.137505330975104	0.0
Pf3D7_09_v3	42400	47399	11731	3783	0.0	3.9555463567296907	0.0
Pf3D7_09_v3	48200	51599	7912	2166	0.0	4.659460252763948	0.0
Pf3D7_09_v3	52600	78999	56170	16878	0.0	4.245132268389366	0.0
Pf3D7_09_v3	1384800	1386599	2111	1231	8.582557906344186e-223	2.1874491467171016	1.201558106888186e-222
Pf3D7_09_v3	1387600	1388399	1165	532	8.034036128362474e-198	2.793328922475715	1.1003136436670344e-197
Pf3D7_09_v3	1389400	1391599	1840	1720	3.200673954239347e-37	1.3645742168045851	3.6529430999470813e-37
Pf3D7_09_v3	1447200	1455599	13561	6029	0.0	2.8691563638996302	0.0
Pf3D7_09_v3	1459200	1479399	47136	15277	0.0	3.9357040310411784	0.0
Pf3D7_09_v3	1480800	1482199	3287	1048	0.0	4.000794149879209	0.0
Pf3D7_09_v3	1483600	1489799	11937	3600	0.0	4.229611499503879	0.0
Pf3D7_09_v3	1492600	1493599	1259	739	5.701100324426572e-132	2.1731468604797852	7.270634016981255e-132
Pf3D7_09_v3	1495600	1496599	1137	831	1.1463827398783562e-66	1.74528849562583	1.3678430419003113e-66
Pf3D7_09_v3	1497800	1541599	114623	35670	0.0	4.09898611028026	0.0
Pf3D7_10_v3	0	36599	108187	29501	0.0	4.677848211569703	0.0
Pf3D7_10_v3	38000	39199	4076	929	0.0	5.596625493305238	0.0
Pf3D7_10_v3	40400	61399	46149	15640	0.0	3.763858873355021	0.0
Pf3D7_10_v3	68000	68199	334	186	5.382519755584276e-41	2.290558076408071	6.210599717981857e-41
Pf3D7_10_v3	1181000	1182799	1868	2824	1	0.8437620041770192	1
Pf3D7_10_v3	1183800	1183999	252	311	0.2864260438657872	1.0335891383541511	0.3048114993841992
Pf3D7_10_v3	1184800	1185999	1399	1998	1	0.8931615437210411	1
Pf3D7_10_v3	1187600	1189599	1926	2904	1	0.8459943368017288	1
Pf3D7_10_v3	1190400	1191199	853	1244	1	0.8746543006112013	1
Pf3D7_10_v3	1192200	1194399	2043	3372	1	0.7728382096295967	1
Pf3D7_10_v3	1195600	1197199	1290	2423	1	0.6791161855241467	1
Pf3D7_10_v3	1198200	1199999	1701	2788	1	0.7782503582101692	1
Pf3D7_10_v3	1201200	1202399	1099	1771	1	0.7915656072905787	1
Pf3D7_10_v3	1204400	1205599	934	1622	1	0.7345203143637183	1
Pf3D7_10_v3	1206400	1207399	1268	1538	0.03614948850541153	1.0516487334914513	0.03873159482722664
Pf3D7_10_v3	1208200	1209199	1051	1538	1	0.8716741473970941	1
Pf3D7_10_v3	1211800	1212999	1361	1703	0.2341384212318841	1.0194155695837874	0.25001221250184236
Pf3D7_10_v3	1214600	1214999	407	555	1	0.9354255138385055	1
Pf3D7_10_v3	1217400	1222399	4783	7343	1	0.8308729834269319	1
Pf3D7_10_v3	1224000	1225999	1759	2897	1	0.7745066113104141	1
Pf3D7_10_v3	1227000	1228999	1974	3159	1	0.7970862316831606	1
Pf3D7_10_v3	1230600	1231999	1494	2087	1	0.9131369850207305	1
Pf3D7_10_v3	1233600	1236999	2829	5227	1	0.6903800490414627	1
Pf3D7_10_v3	1238400	1238799	393	594	1	0.843944506286806	1
Pf3D7_10_v3	1429400	1438199	20341	7907	0.0	3.2814693040095153	0.0
Pf3D7_10_v3	1543600	1545599	2305	3509	1	0.8379060893019593	1
Pf3D7_10_v3	1575000	1577799	3109	1036	0.0	3.827971993494095	0.0
Pf3D7_10_v3	1578800	1579999	1655	496	0.0	4.256220377756763	0.0
Pf3D7_10_v3	1581000	1584999	7602	2402	0.0	4.037036232798607	0.0
Pf3D7_10_v3	1589600	1590799	1237	517	3.220471424764287e-241	3.0520169525713854	4.611129540003411e-241
Pf3D7_10_v3	1591600	1592199	1639	351	0.0	5.956341947091338	0.0
Pf3D7_10_v3	1593200	1593799	1302	581	3.275751623075846e-229	2.858529226297295	4.648025951661673e-229
Pf3D7_10_v3	1599600	1600799	2563	703	0.0	4.650515179040649	0.0
Pf3D7_10_v3	1602400	1636999	97505	32323	0.0	3.8478931998952395	0.0
Pf3D7_10_v3	1638200	1638599	476	290	2.8304447992328413e-47	2.0937110247043664	3.3144613820012823e-47
Pf3D7_10_v3	1639400	1640599	3256	876	0.0	4.741197809866398	0.0
Pf3D7_10_v3	1642400	1643799	1836	1088	3.488909852076073e-187	2.1525416653670155	4.696609416256253e-187
Pf3D7_10_v3	1644600	1666999	52833	17653	0.0	3.817636160680628	0.0
Pf3D7_10_v3	1669000	1687599	41570	15513	0.0	3.4181570832322454	0.0
Pf3D7_11_v3	0	31399	88852	25558	0.0	4.43453541084337	0.0
Pf3D7_11_v3	32600	43199	29126	8268	0.0	4.493535347021426	0.0
Pf3D7_11_v3	44000	50399	12151	3629	0.0	4.271032122041514	0.0
Pf3D7_11_v3	52000	54399	2966	1970	4.933945923037116e-226	1.9204928985083114	6.938361454270944e-226
Pf3D7_11_v3	56000	57999	2833	1578	0.0	2.290062634552788	0.0
Pf3D7_11_v3	58800	62199	6549	1922	0.0	4.346396998955898	0.0
Pf3D7_11_v3	66600	76999	22088	6780	0.0	4.1556071499728295	0.0
Pf3D7_11_v3	79400	79599	560	77	0.0	9.276947244679393	0.0
Pf3D7_11_v3	82600	82799	351	178	2.3414716308094893e-51	2.515329586496288	2.7624103509550154e-51
Pf3D7_11_v3	83800	84199	558	170	1.4562014441465401e-165	4.1869045726354495	1.9354576156378065e-165
Pf3D7_11_v3	85800	86399	1261	240	0.0	6.702111209945201	0.0
Pf3D7_11_v3	88400	88799	582	133	2.5580391200530925e-230	5.581862430492245	3.6460738588992043e-230
Pf3D7_11_v3	93400	100199	11984	3965	0.0	3.8553729305883238	0.0
Pf3D7_11_v3	101400	102399	1551	522	0.0	3.790086133656014	0.0
Pf3D7_11_v3	103400	103599	400	110	2.840332258070253e-133	4.6384736223396965	3.6518557603760395e-133
Pf3D7_11_v3	104400	108599	3906	1446	0.0	3.445654523814789	0.0
Pf3D7_11_v3	109800	110599	1142	613	7.877123205921962e-145	2.3763664618201985	1.0253280206055446e-144
Pf3D7_11_v3	1873600	1880599	8734	6391	0.0	1.7432198200307623	0.0
Pf3D7_11_v3	1989800	1998399	19533	6556	0.0	3.8004742141426715	0.0
Pf3D7_11_v3	2001800	2022999	57215	16729	0.0	4.362623216157306	0.0
Pf3D7_11_v3	2024800	2037999	43186	10980	0.0	5.017049955368814	0.0
Pf3D7_12_v3	0	21999	67836	17951	0.0	4.820358842258638	0.0
Pf3D7_12_v3	23000	24399	1766	1105	2.6240474258086e-158	2.03861965130251	3.4584725486598704e-158
Pf3D7_12_v3	26400	27399	1278	812	6.064388270823737e-111	2.0076250672060176	7.550522945887262e-111
Pf3D7_12_v3	30000	41999	33475	9380	0.0	4.552244002094976	0.0
Pf3D7_12_v3	43800	63799	57845	15461	0.0	4.772391134995533	0.0
Pf3D7_12_v3	586800	586999	254	159	1.0703004638063896e-24	2.0377193869209296	1.2040880217821884e-24
Pf3D7_12_v3	763200	785199	65325	16964	0.0	4.912006577417984	0.0
Pf3D7_12_v3	904200	914599	28954	9056	0.0	4.078307248988128	0.0
Pf3D7_12_v3	974400	975599	1895	2928	1	0.8255548382656334	1
Pf3D7_12_v3	1058000	1058399	428	367	4.90202198020045e-15	1.487597671251723	5.3990801530179784e-15
Pf3D7_12_v3	1688600	1743399	143009	41165	0.0	4.431421241849238	0.0
Pf3D7_12_v3	1745200	1745399	249	112	2.6424442162660567e-45	2.8358882258009888	3.0601835592787056e-45
Pf3D7_12_v3	2186200	2196399	24294	8620	0.0	3.5950053944093	0.0
Pf3D7_12_v3	2197400	2197599	330	94	1.7791915585002498e-106	4.4781008641205045	2.2064777201873177e-106
Pf3D7_12_v3	2199200	2200599	2473	780	0.0	4.044243523990602	0.0
Pf3D7_12_v3	2201400	2202799	4777	1094	0.0	5.569878277721299	0.0
Pf3D7_12_v3	2203600	2230199	62476	19027	0.0	4.18842442098366	0.0
Pf3D7_12_v3	2231200	2232199	1668	475	0.0	4.47930073803625	0.0
Pf3D7_12_v3	2233000	2236599	6953	1653	0.0	5.365462463058183	0.0
Pf3D7_12_v3	2238000	2239599	3676	1162	0.0	4.03531237936592	0.0
Pf3D7_12_v3	2241200	2242599	2112	1055	7.646857884844527e-305	2.5535786538908964	1.1470286827266791e-304
Pf3D7_12_v3	2243400	2271399	84358	21651	0.0	4.969996693185827	0.0
Pf3D7_13_v3	0	599	1806	1670	6.75533384390825e-39	1.3794598350509042	7.737927857567631e-39
Pf3D7_13_v3	24000	26599	6232	1896	0.0	4.192730007365914	0.0
Pf3D7_13_v3	27400	28599	1318	970	3.263145646545366e-75	1.733211097337137	3.9232476284801154e-75
Pf3D7_13_v3	30600	31599	1596	727	4.128585549930303e-271	2.8003109667742683	6.048857898735095e-271
Pf3D7_13_v3	34000	46799	40042	9445	0.0	5.407811986879269	0.0
Pf3D7_13_v3	47800	51999	10691	3182	0.0	4.285741172696187	0.0
Pf3D7_13_v3	53400	59199	14146	4051	0.0	4.454297250541785	0.0
Pf3D7_13_v3	60000	61199	1907	398	0.0	6.111888264812803	0.0
Pf3D7_13_v3	62600	64199	4835	1251	0.0	4.93000039176932	0.0
Pf3D7_13_v3	65600	66599	1750	375	0.0	5.952707815335945	0.0
Pf3D7_13_v3	69200	71799	3178	1433	0.0	2.8288862681394127	0.0
Pf3D7_13_v3	73000	75799	3597	2006	0.0	2.287269264894252	0.0
Pf3D7_13_v3	2833200	2841399	17481	6056	0.0	3.682037365064905	0.0
Pf3D7_13_v3	2852600	2864999	27929	8284	0.0	4.300540885386224	0.0
Pf3D7_13_v3	2865800	2867399	1625	391	0.0	5.301324552386323	0.0
Pf3D7_13_v3	2868600	2879999	25960	7392	0.0	4.479716340622713	0.0
Pf3D7_13_v3	2881000	2882999	3061	1038	0.0	3.7616099551493236	0.0
Pf3D7_13_v3	2884800	2925199	111274	32799	0.0	4.327537922173314	0.0
Pf3D7_14_v3	0	5399	10468	7734	0.0	1.726502976031715	0.0
Pf3D7_14_v3	7000	12399	10773	2885	0.0	4.763197917401396	0.0
Pf3D7_14_v3	13200	30399	44697	13102	0.0	4.351595959538413	0.0
Pf3D7_14_v3	31600	33399	2733	1169	0.0	2.982173492480716	0.0
Pf3D7_14_v3	34600	42599	18258	5897	0.0	3.949388525366542	0.0
Pf3D7_14_v3	53400	53799	397	273	2.0056931229412263e-29	1.8549646802891444	2.272637891102469e-29
Pf3D7_14_v3	1373000	1373199	239	180	2.4041468915696128e-14	1.6936871046015363	2.6295356626542638e-14
Pf3D7_14_v3	2547200	2552399	7736	4249	0.0	2.3224026321876843	0.0
Pf3D7_14_v3	3147400	3154799	17553	6012	0.0	3.724261487118328	0.0
Pf3D7_14_v3	3164600	3185599	41273	15586	0.0	3.377840594063726	0.0
Pf3D7_14_v3	3193400	3197199	6599	2568	0.0	3.277863724416046	0.0
Pf3D7_14_v3	3198200	3203799	11541	4111	0.0	3.580995285998825	0.0
Pf3D7_14_v3	3209200	3212399	3390	2545	2.053590475249548e-177	1.6991029604818004	2.752685105121735e-177
Pf3D7_14_v3	3213600	3216999	3122	2388	2.7641950372286503e-153	1.6676555814320548	3.612952019614211e-153
Pf3D7_14_v3	3219800	3229599	21138	8038	0.0	3.354468181510269	0.0
Pf3D7_14_v3	3235200	3243399	16051	6528	0.0	3.1363876425931343	0.0
Pf3D7_14_v3	3246800	3255999	22281	7452	0.0	3.8139027729899984	0.0
Pf3D7_14_v3	3256800	3257799	1124	330	0.0	4.344703626258182	0.0
Pf3D7_14_v3	3259200	3260999	2881	1045	0.0	3.5166953963054386	0.0
Pf3D7_14_v3	3262000	3262199	306	110	1.2032599540634155e-75	3.548432321089868	1.452210289386881e-75
Pf3D7_14_v3	3264800	3268599	6055	1508	0.0	5.121776120953838	0.0
Pf3D7_14_v3	3269600	3286999	39091	10912	0.0	4.569621279508092	0.0
Pf3D7_14_v3	3288400	3289599	863	880	9.795321799090784e-11	1.250938355024737	1.0530806712333095e-10
Pf3D7_14_v3	3290600	3291799	1313	1095	2.5466030618332688e-47	1.5295313819053022	2.9932088226771626e-47
