#chrom	start	end	Readcount_A	Normalized_Readcount_A	ReadcountB	Normalized_Readcount_B	Fc_A_vs_B	pvalue_A_vs_B	FDR_A_vs_B	Fc_B_vs_A	pvalue_B_vs_A	FDR_B_vs_A
Pf3D7_01_v3	0	34799	98967	7195.669467297102	59595	4117.547891237869	1.7475501495301742	0.0	0.0	0.5722296440355936	1.0	1
Pf3D7_01_v3	35600	37199	2243	163.08351890172884	2584	178.53416815099678	0.9135120286946675	1.0	1	1.094676335492721	2.7303126905344905e-06	7.1933238192927925e-06
Pf3D7_01_v3	39000	39999	2476	180.02442835518528	2437	168.37761911144705	1.0691638604912062	0.00047492736149693654	0.001251250933174621	0.9353103270256158	1.0	1
Pf3D7_01_v3	41400	48799	15228	1107.1938590439263	16015	1106.5111079482251	1.0006202593279596	0.4675164211921308	0.9704507530806352	0.999380125155195	1.0	1
Pf3D7_01_v3	50000	51599	1867	135.7453989253356	2125	146.82086196628026	0.9246248832300028	1.0	1	1.0815196715306734	0.00016945118228566184	0.00041828490041685896
Pf3D7_01_v3	52400	57399	6420	466.7838570437357	6888	475.90686928175927	0.980840636122369	1.0	1	1.0195336155253265	0.05377323495820822	0.116935447448802
Pf3D7_01_v3	58400	68599	26216	1906.106790694482	27644	1909.9839567980478	0.9979720194106126	1.0	1	1.0020321016520934	0.366269962356757	0.7272316643895032
Pf3D7_01_v3	70200	77599	4961	360.70322660342254	6992	483.09245499681487	0.7466983589331564	1.0	1	1.339228870716614	2.0216512295620152e-120	1.1304743610203922e-119
Pf3D7_01_v3	78400	78799	612	44.49715272753368	501	34.61517733887361	1.285016554308358	1.0392598824545982e-09	3.6045216176273404e-09	0.7782000913896676	1.0	1
Pf3D7_01_v3	79800	79999	486	35.33597422480616	692	47.81178187325455	0.7395161992753956	1.0	1	1.3522354222663895	1.484730827244941e-14	4.470508205111141e-14
Pf3D7_01_v3	80800	83599	5077	369.1373274472034	5066	350.02093492761213	1.0546145466457388	8.32370706988835e-05	0.0002327240548111641	0.9482137366496192	1.0	1
Pf3D7_01_v3	84400	84999	1253	91.1028306660126	1296	89.54345275684668	1.0174416819206902	0.2649088883903129	0.5760717096741725	0.9828573153325464	1.0	1
Pf3D7_01_v3	85800	85999	399	29.01039859197049	352	24.32044395864972	1.1924419638018489	0.00027373508902207253	0.0007353275920789007	0.8386152369308705	1.0	1
Pf3D7_01_v3	87000	95999	21393	1555.437235784523	22888	1581.3815946749282	0.9835968686784694	1.0	1	1.016676681111815	0.006206600964623641	0.014411937833109132
Pf3D7_01_v3	98800	101799	2129	154.79483358973727	2985	206.2401284561631	0.7506573912951877	1.0	1	1.33216566118745	5.366574301030644e-51	2.2622174745883023e-50
Pf3D7_01_v3	521400	536199	36413	2647.5078795223594	38573	2665.0922864119193	0.9934034796409386	1.0	1	1.0066403233874777	0.09643811502405716	0.20171025585184477
Pf3D7_01_v3	543000	582799	78258	5689.964343384528	92634	6400.284107004426	0.8890192266083181	1.0	1	1.124835065508181	1.7886678425889178e-270	1.40027139676961e-269
Pf3D7_01_v3	587800	601999	29578	2150.5502996323385	32038	2213.5749532591467	0.9715306360291439	1.0	1	1.0293036193765506	1.3082644004336538e-07	3.584644457188211e-07
Pf3D7_01_v3	602800	605599	3174	230.77444894965996	4387	303.10735126873954	0.7614284081472296	1.0	1	1.313321107145559	3.07333280218419e-67	1.3804806357351938e-66
Pf3D7_01_v3	607200	608599	1782	129.56523882428925	2018	139.42799974021344	0.9293236497955917	1.0	1	1.0760513844880133	0.0005359934529169825	0.0012996655407013556
Pf3D7_01_v3	609600	621399	36245	2635.292974852056	30778	2126.5188186344344	1.2392460566657884	0.0	0.0	0.8069422489755717	1.0	1
Pf3D7_01_v3	623000	625599	5494	399.45646582527786	2136	147.58087583998807	2.705921165951309	0.0	0.0	0.36955991644658065	1.0	1
Pf3D7_01_v3	627000	640799	32080	2332.465129900785	10575	730.6497013145477	3.1921142010629424	0.0	0.0	0.3132720000014441	1.0	1
Pf3D7_02_v3	0	35199	94859	6896.985965001826	89702	6197.705863576128	1.112828187860047	6.539108697653979e-230	4.265989959898072e-229	0.8986113138659672	1.0	1
Pf3D7_02_v3	35800	49999	39280	2855.961044342358	40993	2832.2953386276363	1.008356735825697	0.049448001483237636	0.1178152383165836	0.9917125204515501	1.0	1
Pf3D7_02_v3	51600	72199	49677	3611.903686349168	53597	3703.1330535561046	0.9753657110734137	1.0	1	1.0252564639569661	4.361975713345523e-09	1.2449805681840348e-08
Pf3D7_02_v3	128000	128199	239	17.37715604882443	212	14.64754011145949	1.1857239809071907	0.004483422401644506	0.011480913439725182	0.8433665980466261	1.0	1
Pf3D7_02_v3	360800	381599	57064	4148.995953013043	11649	804.854692256564	5.154610586806102	0.0	0.0	0.194001075960933	1.0	1
Pf3D7_02_v3	630800	630999	219	15.923000730931172	249	17.203950413931192	0.9260504290885159	1.0	1	1.0798547990353728	0.10595603304052699	0.2199390382810939
Pf3D7_02_v3	831600	831999	436	31.700585930073014	386	26.669577750110204	1.188289985646234	0.00019969255920946878	0.0005471576122339445	0.8415454241635848	1.0	1
Pf3D7_02_v3	839000	853999	21609	1571.1421132177702	27051	1869.0122997881635	0.8406347779950243	1.0	1	1.1895772411237535	7.603765250610092e-170	4.9605516158742027e-169
Pf3D7_02_v3	855200	870999	25908	1883.7127987989259	36460	2519.1005304896835	0.7477803358773869	1.0	1	1.3372911161493413	0.0	0.0
Pf3D7_02_v3	872200	875999	5190	377.35330499330036	5084	351.26459399367945	1.0742665096537243	1.6132523424573635e-07	5.139896998061833e-07	0.930867704627911	1.0	1
Pf3D7_02_v3	877800	878999	1897	137.9266319021755	2286	157.94470139054903	0.8733372989674857	1.0	1	1.1450329685704057	1.0704571711219176e-10	3.1202687753979303e-10
Pf3D7_02_v3	880400	881599	1013	73.65296685129348	1607	111.0311177316764	0.6635961775608853	1.0	1	1.5069405668905462	6.081277961008801e-54	2.6035471270568933e-53
Pf3D7_02_v3	884000	885799	2037	148.10571912742827	2215	153.03915729661685	0.9678017181256129	1.0	1	1.033269502700147	0.06080548260882528	0.13118663177022147
Pf3D7_02_v3	886600	887399	1855	134.87290573459964	1773	122.50041800763054	1.1009721202651208	2.1155263764786454e-05	6.166534331437754e-05	0.9082882132920803	1.0	1
Pf3D7_02_v3	889200	897599	19123	1390.3906072036384	19369	1338.246247258768	1.0389653873075033	7.30768633208114e-08	2.35565418234145e-07	0.9624959716815179	1.0	1
Pf3D7_02_v3	898400	900599	6231	453.04208928964437	6046	417.7312618579437	1.0845246843061982	1.237212934087717e-10	4.346106973590185e-10	0.9220629225601527	1.0	1
Pf3D7_02_v3	901600	910399	16671	1212.1111652299248	16829	1162.7521346026024	1.0424507612058915	4.747489711503147e-08	1.548585929704598e-07	0.9592779220029682	1.0	1
Pf3D7_02_v3	913400	914599	2201	160.02979273415298	1930	133.34788875055102	1.20001591547768	4.4155616246468177e-17	1.7040336410608846e-16	0.833322281064863	1.0	1
Pf3D7_02_v3	916200	917599	1889	137.34496977501817	2340	161.67567858875097	0.8495957977249888	1.0	1	1.1770303039136458	7.071598892379005e-15	2.1529089961242747e-14
Pf3D7_02_v3	918400	946999	87730	6378.652301938775	73610	5085.874658511948	1.2541870933686508	0.0	0.0	0.797329206533354	1.0	1
Pf3D7_03_v3	200	42399	100541	7310.111490815301	17027	1176.4323843293432	6.213493433370275	0.0	0.0	0.1609400590381871	1.0	1
Pf3D7_03_v3	43200	44599	1738	126.36609712492408	1449	100.11455481841887	1.2620702948157752	3.901540784735452e-21	1.6197305682083545e-20	0.7923488922191695	1.0	1
Pf3D7_03_v3	46200	47399	1925	139.96244934722606	2035	140.60256663594367	0.9954752670256304	1.0	1	1.004545299239718	0.4127486836256554	0.8078081379530685
Pf3D7_03_v3	49800	50399	1130	82.15977546096904	1048	72.40859451325257	1.134590340691472	1.4589194703560997e-05	4.345042770408384e-05	0.8813753864593575	1.0	1
Pf3D7_03_v3	51200	57599	10471	761.323016683015	10601	732.4460977433115	1.0394265333100678	4.1074261330263554e-05	0.0001172327875467939	0.9620689562498339	1.0	1
Pf3D7_03_v3	58800	79999	44141	3209.393494356314	48812	3372.52701849321	0.9516307606399856	1.0	1	1.0508277384050568	8.252674326857976e-28	2.9753062704724808e-27
Pf3D7_03_v3	116000	122999	16346	1188.4811413141595	14978	1034.8625273086802	1.148437081938196	2.2709574469796313e-67	1.0546480346990153e-66	0.8707486162953904	1.0	1
Pf3D7_03_v3	123800	132999	24994	1817.257900771204	29971	2070.7614371724167	0.8775853855669631	1.0	1	1.139490260943613	8.137869498213798e-109	4.459552485021161e-108
Pf3D7_03_v3	135600	137999	1750	127.23859031566005	2092	144.54082034515685	0.8803773950690567	1.0	1	1.1358765065992638	5.166012297062764e-09	1.4592653292733993e-08
Pf3D7_03_v3	139600	140599	731	53.14937686899856	756	52.233680774827235	1.0175767294535751	0.31091420040643347	0.6655507102450217	0.982726875581153	1.0	1
Pf3D7_03_v3	848200	857999	29527	2146.842203571711	5844	403.7746434498549	5.3162020900003295	0.0	0.0	0.188104211064696	1.0	1
Pf3D7_03_v3	1002800	1004799	3086	224.37616555092964	2746	189.72709974560263	1.1825783807940267	5.57286702701355e-20	2.2790530826891234e-19	0.8456099115633783	1.0	1
Pf3D7_03_v3	1007000	1008199	2549	185.33209526549567	2666	184.1997261186368	1.0061648235060314	0.37360199469446337	0.7935422212890152	0.9938729486839445	1.0	1
Pf3D7_03_v3	1009600	1010399	842	61.21993888330614	1149	79.38690371729695	0.7714036677091095	1.0	1	1.2963381454612066	1.2953890731891061e-17	4.127169837835059e-17
Pf3D7_03_v3	1011800	1012599	192	13.959891051775273	667	46.08447761482773	0.30404146164616824	1.0	1	3.2890251039634895	6.269229527903524e-147	3.734280197055577e-146
Pf3D7_03_v3	1013400	1014999	896	65.14615824161794	1618	111.79113160538421	0.5830389373999092	1.0	1	1.7151513146952913	7.699993283801068e-89	3.9070336291879497e-88
Pf3D7_03_v3	1015800	1023199	18162	1320.5184441788672	17985	1242.622683512259	1.0626859996875546	2.396297940696193e-16	8.754475143343426e-16	0.9410117384570935	1.0	1
Pf3D7_03_v3	1024400	1029199	3303	240.15375075007148	8285	572.4286312426503	0.4196112031395311	1.0	1	2.3831584869946267	0.0	0.0
Pf3D7_03_v3	1030600	1067799	100390	7299.132618165207	86646	5986.560191026033	1.2192512648843898	0.0	0.0	0.8201754870394338	1.0	1
Pf3D7_04_v3	0	599	1038	75.47066099866007	485	33.509702613480435	2.249734371078769	4.2289880177385945e-118	2.3174854337207497e-117	0.4444969205499983	1.0	1
Pf3D7_04_v3	2800	2999	245	17.813402644192404	77	5.320097115954625	3.318887027327723	1.184564814905401e-56	5.320832119411146e-56	0.3013058268527967	1.0	1
Pf3D7_04_v3	5000	17999	40346	2933.467522786069	26427	1825.8987854978297	1.6065672712152033	0.0	0.0	0.6224451461927283	1.0	1
Pf3D7_04_v3	18800	37799	51727	3760.954606433227	43349	2995.07649194178	1.2557076805046332	0.0	0.0	0.7963636884008931	1.0	1
Pf3D7_04_v3	38800	39999	1498	108.91623331020499	1637	113.1038828417886	0.9630297433148	1.0	1	1.0383895273659425	0.06257356828959562	0.13394654461991562
Pf3D7_04_v3	42000	43599	2748	199.80094067853358	1947	134.52245564628123	1.4850386349427909	9.960256906110271e-85	4.873411414775383e-84	0.6733831541281912	1.0	1
Pf3D7_04_v3	44400	64199	51189	3721.8378283818984	45462	3141.0682478640156	1.1848926465937617	2.4792943066633003e-305	1.7418631795531906e-304	0.8439583137550251	1.0	1
Pf3D7_04_v3	65200	75399	24650	1792.24642930344	26368	1821.8223474479425	0.9837683508984812	1.0	1	1.016499462588621	0.0039692346313260326	0.009295472555413102
Pf3D7_04_v3	76600	90199	31078	2259.6119484743326	33643	2324.467886650149	0.9721009718618606	1.0	1	1.0286997225038306	1.1721746466587624e-07	3.244200537217181e-07
Pf3D7_04_v3	98400	101999	1493	108.55269448073169	7609	525.722324094789	0.2065940958455147	1.0	1	4.840409382985331	0.0	0.0
Pf3D7_04_v3	108400	125599	18507	1345.6026234125259	33820	2336.6972007998106	0.5758707386471239	1.0	1	1.7365008028525124	0.0	0.0
Pf3D7_04_v3	127200	132799	3872	281.52446954413466	6384	441.08441543187445	0.6383201594397063	1.0	1	1.566611966129603	9.529674224385335e-245	6.87139667758311e-244
Pf3D7_04_v3	150400	171799	55483	4034.0449751335805	59060	4080.5835801075355	0.9885961896011061	1.0	1	1.0115353574278851	0.0026763572758943333	0.00632174046202627
Pf3D7_04_v3	329200	329599	406	29.519352953233128	416	28.742342860222394	1.0270943008475746	0.28489296543353937	0.6146509647936204	0.9736204350221632	1.0	1
Pf3D7_04_v3	545800	569399	42931	3121.417097623772	69372	4793.062040623432	0.6512423129909751	1.0	1	1.5355267617782353	0.0	0.0
Pf3D7_04_v3	571200	572399	1500	109.06164884199433	2595	179.29418202470458	0.6084543064775626	1.0	1	1.6435087883413249	2.000220557439765e-121	1.1417925682051991e-120
Pf3D7_04_v3	582600	584799	2700	196.31096791558977	6547	452.3464391968173	0.43407810312796435	1.0	1	2.303732883077966	0.0	0.0
Pf3D7_04_v3	597800	614199	32773	2382.8516116657865	47048	3250.6484300186135	0.7330456439743435	1.0	1	1.3641715331371644	0.0	0.0
Pf3D7_04_v3	934600	939199	14346	1043.0656095248337	12582	869.3176871810532	1.1998552796822677	6.305590576892605e-100	3.259871354846366e-99	0.8334338456757959	1.0	1
Pf3D7_04_v3	950800	950999	495	35.99034411785812	430	29.70963324494142	1.2110340983650703	1.550932108474016e-05	4.569412878729897e-05	0.8257405810043068	1.0	1
Pf3D7_04_v3	962800	991599	87479	6360.402652699215	88443	6110.718821121753	1.0408601068660726	2.8375193845633166e-32	1.234095732333887e-31	0.9607439015132415	1.0	1
Pf3D7_04_v3	1071600	1071799	230	16.722786155772464	257	17.756687776627775	0.9422024714563388	1.0	1	1.0613430024804806	0.16004082899148908	0.32724766525125376
Pf3D7_04_v3	1121000	1150999	48016	3491.136087198133	67887	4690.460167672879	0.7443102050024785	1.0	1	1.3435258488719366	0.0	0.0
Pf3D7_04_v3	1152400	1153599	4151	301.80993622874564	3832	264.761196731664	1.1399098088298738	6.782181231997025e-17	2.545640626804363e-16	0.8772623871238617	1.0	1
Pf3D7_04_v3	1154600	1168199	36663	2665.6848209960253	40277	2782.8253446662916	0.957908245988712	1.0	1	1.043941321298307	5.049691818688267e-18	1.6277830097889237e-17
Pf3D7_04_v3	1169000	1171399	2522	183.3689855863398	6222	429.8914838372686	0.4266477058328937	1.0	1	2.3438541595994726	0.0	0.0
Pf3D7_04_v3	1172600	1200399	85178	6193.102083375595	74998	5181.774590939805	1.1951682007173836	0.0	0.0	0.8367023147032889	1.0	1
Pf3D7_05_v3	23600	28399	9112	662.5131628321682	8737	603.6582922350074	1.097491827790274	1.0472648117519946e-18	4.09929369171495e-18	0.9111685159546316	1.0	1
Pf3D7_05_v3	29600	45599	34084	2478.1714927536896	35130	2427.2079439413765	1.020997670908433	6.495054741911803e-05	0.0001834685566271994	0.9794341637530374	1.0	1
Pf3D7_05_v3	69000	69399	400	29.08310635786515	342	23.62952225527899	1.2302750532218885	2.5708533840381363e-05	7.414882391857361e-05	0.8128263654384961	1.0	1
Pf3D7_05_v3	1318400	1343399	59825	4349.742094648207	71730	4955.98137827825	0.8776776645739821	1.0	1	1.1393704549669634	1.0452675797799924e-256	7.95564769054772e-256
Pf3D7_06_v3	0	12799	36721	2669.9018714179156	33412	2308.507595302285	1.156545759849476	2.1921833134951902e-163	1.2779962295695364e-162	0.8646436956633256	1.0	1
Pf3D7_06_v3	15000	16199	2759	200.60072610337488	2665	184.1306339482997	1.0894339426977357	4.3026170935241535e-06	1.309907870695131e-05	0.9179078793191694	1.0	1
Pf3D7_06_v3	17600	24999	13634	991.2976802078338	14339	990.7126304632907	1.0005941423086973	0.4702519261659567	0.9687896824772342	0.9994062104867749	1.0	1
Pf3D7_06_v3	26400	32999	14463	1051.5724181345092	13871	958.3774947455405	1.0972391578798604	1.996814147667889e-28	8.54886056970315e-28	0.9113783379115354	1.0	1
Pf3D7_06_v3	35200	40999	13534	984.0269036183674	14509	1002.458299420593	0.9816186765955346	1.0	1	1.0187255233042385	0.012743017976229223	0.028619564963006616
Pf3D7_06_v3	43600	44799	307	22.321284129661507	947	65.43028530920819	0.34189625546516933	1.0	1	2.9248638556729523	3.102455913328057e-174	2.125182300629719e-173
Pf3D7_06_v3	45800	48999	2001	145.48823955522042	4194	289.7725623936844	0.5022085163710068	1.0	1	1.9912047832762148	0.0	0.0
Pf3D7_06_v3	50000	50399	509	37.008252840383406	567	39.175260581120426	0.9448737972854175	1.0	1	1.0583423975487074	0.08525080974016355	0.17968247591388317
Pf3D7_06_v3	51400	58199	9297	675.9640995226808	4662	322.1076981114346	2.0983411210265097	0.0	0.0	0.47656693660504523	1.0	1
Pf3D7_06_v3	59400	66799	10076	732.6034491546231	2846	196.63631677930994	3.724738230803148	0.0	0.0	0.26847524256338806	1.0	1
Pf3D7_06_v3	68600	73399	8180	594.7495250183424	2025	139.91164493257295	4.249314906428446	0.0	0.0	0.23533205281801556	1.0	1
Pf3D7_06_v3	723200	723999	763	55.47602537762778	809	55.895565802692104	0.9925680805606427	1.0	1	1.0074875664298608	0.4061355771898319	0.8005837996403881
Pf3D7_06_v3	725200	736399	31088	2260.3390261332797	31856	2201.0001782577992	1.0269607432479828	1.4793275304007068e-06	4.6590315325263634e-06	0.973747055644295	1.0	1
Pf3D7_06_v3	737800	745399	10980	798.3312695233984	18846	1302.1110421724788	0.6131286726257973	1.0	1	1.6309790173690293	0.0	0.0
Pf3D7_06_v3	1302400	1309999	8152	592.7137075732918	4259	294.26355346559416	2.0140015867367342	0.0	0.0	0.496523938504085	1.0	1
Pf3D7_06_v3	1311000	1316199	7950	578.0267388625699	5354	369.9194799846892	1.5624791956715878	8.365135231145094e-301	5.730117633334389e-300	0.6400085215663803	1.0	1
Pf3D7_06_v3	1318000	1319799	1512	109.93414203273026	2001	138.2534328444832	0.7952923776285785	1.0	1	1.2573992007591264	2.26660390364977e-23	7.861385691139708e-23
Pf3D7_06_v3	1321200	1321799	673	48.93232644710812	816	56.37921099505162	0.8681400762290804	1.0	1	1.1518878431965454	3.483910484955302e-05	8.92141563437152e-05
Pf3D7_06_v3	1328800	1343999	34811	2531.0300385591095	36602	2528.9116186775486	1.0008390872528274	0.43652778086369354	0.9200662458204002	0.9991616162243117	1.0	1
Pf3D7_06_v3	1344800	1352199	14135	1027.7242709210598	15688	1083.9179682480021	0.9481635124779999	1.0	1	1.0546704095230652	1.863313507752851e-11	5.489762377680442e-11
Pf3D7_06_v3	1354000	1370199	21253	1545.2581485592702	39772	2747.93379864607	0.5623468816170207	1.0	1	1.7782618392486034	0.0	0.0
Pf3D7_06_v3	1371000	1372999	1618	117.64116521756455	2309	159.5338213083017	0.7375421313923195	1.0	1	1.3558547470531845	1.6792217870309063e-44	6.971314691613156e-44
Pf3D7_06_v3	1374800	1375999	1502	109.20706437378365	1678	115.9366618256086	0.9420202737831226	1.0	1	1.0615482785567159	0.007306188271213288	0.016822651985818834
Pf3D7_06_v3	1377200	1411999	90747	6598.011631642972	57362	3963.265074875185	1.6647812324963318	0.0	0.0	0.6006795250211372	1.0	1
Pf3D7_06_v3	1416400	1417999	2054	149.34175114763755	971	67.08849739729794	2.2248335575393985	2.154645452354209e-225	1.3729601254536123e-224	0.4494718252568839	1.0	1
Pf3D7_07_v3	200	31399	93761	6817.1528380494865	74698	5161.046939838683	1.3208820541013302	0.0	0.0	0.7570698662268949	1.0	1
Pf3D7_07_v3	34200	46599	30247	2199.191795015868	31253	2159.3375995445444	1.0184577602819358	0.0007495879500934723	0.001956067603101061	0.9818767542437634	1.0	1
Pf3D7_07_v3	47600	50999	6515	473.6910948037287	7138	493.1799118660275	0.9604962173115617	1.0	1	1.0411285145911453	0.0003474196977764358	0.0008499374749173519
Pf3D7_07_v3	53400	53799	191	13.88718328588061	581	40.14255096583945	0.3471604232759197	1.0	1	2.8805126764268567	1.3766411229032154e-105	7.396071915205511e-105
Pf3D7_07_v3	54600	57199	2822	205.18131535473864	4135	285.6961243437971	0.7182610452888386	1.0	1	1.3922514753641748	6.56197432844034e-91	3.3924169169672695e-90
Pf3D7_07_v3	58600	61599	4799	348.92456852848716	5119	353.68281995547704	0.9865594059891859	1.0	1	1.0136237046945364	0.16447010072063115	0.33381338961076246
Pf3D7_07_v3	69400	69599	150	10.906164884199432	300	20.727651101121918	0.52791307306088	1.0	1	1.894251252771454	2.9729259690475365e-24	1.0443355327166987e-23
Pf3D7_07_v3	71000	72599	3600	261.74795722078636	3902	269.59764865525904	0.970904547535621	1.0	1	1.0299673665534164	0.032339094884838646	0.07088729598756631
Pf3D7_07_v3	73400	83799	21754	1581.6847392724962	24461	1690.0635786151443	0.935877682491799	1.0	1	1.0685157031819303	5.52721820577133e-25	1.9668282965991486e-24
Pf3D7_07_v3	84800	85399	414	30.101015080390432	727	50.23000783505212	0.5998859391729116	1.0	1	1.6669835625398102	1.565801627393921e-37	6.1289949415133474e-37
Pf3D7_07_v3	89200	90799	1109	80.63291237718113	1888	130.44601759639394	0.6183622745850694	1.0	1	1.6171749815607934	6.981614140115362e-84	3.416004061413588e-83
Pf3D7_07_v3	91800	92999	805	58.52975154520362	1188	82.0814983604428	0.7133540846446057	1.0	1	1.4018283788172348	1.0337496837633822e-28	3.7766321780155564e-28
Pf3D7_07_v3	507000	610399	275506	20031.42575057499	296763	20503.999745740814	0.9769523608554952	1.0	1	1.0235913643980783	5.277724672361635e-37	2.0367557186297012e-36
Pf3D7_07_v3	1379000	1386999	18397	1337.6047691641131	19644	1357.2465941014632	0.9855315830057679	1.0	1	1.0146808252964403	0.02052788776823661	0.04536001006852283
Pf3D7_07_v3	1387800	1389399	2625	190.85788547349006	2569	177.49778559594068	1.075260181635321	0.00011348724435064549	0.00031409600961693803	0.9300074689635945	1.0	1
Pf3D7_07_v3	1391000	1412399	52432	3812.213581388964	56043	3872.132502200586	0.9845268114906095	1.0	1	1.0157163708786798	0.00011425698151410583	0.00028460375395331815
Pf3D7_07_v3	1413800	1415799	3058	222.34034810587906	3086	213.21843766020746	1.0427850894446542	0.010369577819342292	0.025368431450890964	0.9589703670701315	1.0	1
Pf3D7_07_v3	1417600	1418799	1869	135.89081445712492	1992	137.63160331144954	0.9873844263989444	1.0	1	1.0127767597541166	0.2803219984671328	0.5606439969342656
Pf3D7_07_v3	1419800	1432399	40725	2961.0237660601456	38424	2654.7975530316953	1.115346595346865	3.77118562975727e-104	1.9871247356797923e-103	0.8965822858759046	1.0	1
Pf3D7_07_v3	1434200	1445199	32514	2364.020300299069	29068	2008.3712073580398	1.177079054139723	1.6448945805693195e-180	1.0015580335022078e-179	0.8495606106344807	1.0	1
Pf3D7_08_v3	0	50999	148243	10778.41733952251	171162	11825.9540592341	0.9114213552007439	1.0	1	1.0971873703570905	8.2436883557e-313	6.844759422626e-312
Pf3D7_08_v3	52600	53799	3755	273.0176609344591	3671	253.63735730739523	1.0764029423080268	3.941967726107438e-06	1.2135945583746494e-05	0.9290201287036588	1.0	1
Pf3D7_08_v3	54800	61799	11712	851.5533541582917	12439	859.4375068228518	0.9908313245317328	1.0	1	1.0092535179714874	0.15097268760617605	0.3110264391285131
Pf3D7_08_v3	65800	71799	9522	692.32334684898	5224	360.9374978408697	1.9179595990017262	0.0	0.0	0.521387416356678	1.0	1
Pf3D7_08_v3	72600	72999	355	25.811256892605325	452	31.229660992357022	0.8269966705687127	1.0	1	1.2091947109198342	3.759529713030037e-05	9.538066123798427e-05
Pf3D7_08_v3	75800	85599	4295	312.27985451757706	20586	1422.3314185589861	0.21959536707654567	1.0	1	4.553830134546618	0.0	0.0
Pf3D7_08_v3	165400	165999	569	41.37071879406317	467	32.26604354741312	1.2816840146184294	5.243261818280124e-09	1.773646590381178e-08	0.7802235095346104	1.0	1
Pf3D7_08_v3	427000	464399	93212	6777.236274573316	114080	7882.034792053296	0.859835023984432	1.0	1	1.163013801608186	0.0	0.0
Pf3D7_08_v3	465200	466599	2559	186.05917292444232	2659	183.71608092627727	1.0127687536169687	0.25689197355346266	0.5631072060291902	0.987392231867969	1.0	1
Pf3D7_08_v3	1311600	1313999	1169	84.99537833086092	2803	193.6653534548158	0.43909634046879603	1.0	1	2.277404541637404	0.0	0.0
Pf3D7_08_v3	1380800	1389399	16872	1226.725426174752	1499	103.56916333527252	11.83730976515949	0.0	0.0	0.0844786543428372	1.0	1
Pf3D7_08_v3	1392400	1419199	62913	4574.263675730926	9324	644.2153962228692	7.099870423552875	0.0	0.0	0.14084764092068966	1.0	1
Pf3D7_08_v3	1420000	1422599	6133	445.91672823196745	1604	110.8238412206652	4.021802132560858	0.0	0.0	0.24864475353074023	1.0	1
Pf3D7_08_v3	1423400	1430599	12859	934.9491616394699	4895	338.20617379997265	2.7640858302877844	0.0	0.0	0.36178326629455076	1.0	1
Pf3D7_08_v3	1432600	1433999	1621	117.85928851524852	871	60.179280363590635	1.9574304055222747	2.2260886441592394e-131	1.2447924255094524e-130	0.5108738462316792	1.0	1
Pf3D7_08_v3	1435800	1472799	103323	7512.384495534253	14853	1026.2260060165463	7.31997767169708	0.0	0.0	0.1366124385688403	1.0	1
Pf3D7_09_v3	0	27999	81538	5928.445815519022	75627	5225.233566081824	1.1345789729370388	1.8229951703057862e-273	1.218294333326306e-272	0.8813842172760705	1.0	1
Pf3D7_09_v3	29600	32599	2033	147.81488806384962	4052	279.96147420582	0.5281123333911024	1.0	1	1.893536539051879	3.454637722189478e-296	2.784031576117403e-295
Pf3D7_09_v3	33400	37599	10484	762.2682176396456	12075	834.2879568201572	0.9136866840496071	1.0	1	1.0944670831447805	6.882320435485084e-23	2.357194749153641e-22
Pf3D7_09_v3	38600	40799	3029	220.23182289493386	3359	232.08060016222842	0.9489761905229313	1.0	1	1.053767217751746	0.0012534643808095789	0.0029865151334071706
Pf3D7_09_v3	42400	47399	11731	852.9348017102902	12580	869.1795028403791	0.9813159484780863	1.0	1	1.019039791976163	0.017197149937315758	0.038309098234345675
Pf3D7_09_v3	48200	51599	7912	575.2638437585726	8203	566.7630732750104	1.0150033583087832	0.09201151867717405	0.2100929676462141	0.9852184151057568	1.0	1
Pf3D7_09_v3	52600	78999	56170	4083.995210303214	59481	4109.671383819443	0.9937532410937728	1.0	1	1.006286026196354	0.06304956823677962	0.1339192379602916
Pf3D7_09_v3	1384800	1386599	2111	153.48609380363334	10	0.6909217033707307	202.04736634658528	0.0	0.0	0.004949334495578791	1.0	1
Pf3D7_09_v3	1387600	1388399	1165	84.70454726728225	2	0.13818434067414612	409.00560618076116	0.0	0.0	0.002444954261966882	1.0	1
Pf3D7_09_v3	1389400	1391599	1840	133.78228924617972	6	0.4145530220224384	276.76279869349963	0.0	0.0	0.003613202369395924	1.0	1
Pf3D7_09_v3	1447000	1457399	14395	1046.6282900536723	21107	1458.3284393046013	0.7177062325119231	1.0	1	1.3933277359178944	0.0	0.0
Pf3D7_09_v3	1458400	1479399	47589	3460.089871161112	50583	3494.8892521601665	0.9900440114086216	1.0	1	1.010056107078728	0.012227910978441656	0.027920396734108448
Pf3D7_09_v3	1480800	1482199	3287	238.99042649575688	3133	216.4657696660499	1.1040399325734755	1.1021575060217785e-08	3.682818983536187e-08	0.9057643392200837	1.0	1
Pf3D7_09_v3	1483600	1489999	12080	878.3098120075276	13356	922.7950270219478	0.9518004888327503	1.0	1	1.0506403513475389	7.175151312840102e-09	2.0061137344063146e-08
Pf3D7_09_v3	1490800	1490999	107	7.779730950728927	403	27.844144645840444	0.28131594943057975	1.0	1	3.5547220199357015	6.839546504832319e-100	3.6039148890847217e-99
Pf3D7_09_v3	1492600	1493799	1362	99.02797714853084	2537	175.28683614515435	0.5651402029370152	1.0	1	1.76947241552279	1.582924707906181e-152	9.638252665917635e-152
Pf3D7_09_v3	1495600	1497199	1595	115.9688866019873	2024	139.84255276223587	0.8293919667930816	1.0	1	1.205702538772578	1.391788246961175e-16	4.3335224962200223e-16
Pf3D7_09_v3	1497800	1541599	114623	8333.982250143945	47586	3287.820017659959	2.534773734610533	0.0	0.0	0.39451253038711553	1.0	1
Pf3D7_10_v3	0	36599	108187	7866.035068845893	71297	4926.064468522298	1.596811714440357	0.0	0.0	0.6262479107315888	1.0	1
Pf3D7_10_v3	38000	39599	4252	309.1534205841065	3116	215.29120277031964	1.4358548702545637	4.0451409663337846e-110	2.1732718132852094e-109	0.696449216920307	1.0	1
Pf3D7_10_v3	40400	61399	46149	3355.390688272797	49842	3443.6919539403953	0.9743601112592405	1.0	1	1.0263145919506322	3.797407894020323e-09	1.095252382064809e-08
Pf3D7_10_v3	66800	66999	215	15.63216966735252	273	18.862162502020947	0.8295740406566001	1.0	1	1.205437912700968	0.0011398082874007583	0.002739539217086033
Pf3D7_10_v3	68000	68199	334	24.284393808817402	313	21.625849315503867	1.1227087932276087	0.017165859702878036	0.041623412022907806	0.8907029196103111	1.0	1
Pf3D7_10_v3	1428800	1438199	20620	1499.2341327479487	20673	1428.3424373783114	1.049632272982	2.514209013000356e-12	8.9466658384688e-12	0.9527146084780768	1.0	1
Pf3D7_10_v3	1570000	1571999	1194	86.81307247822748	3171	219.09127213885867	0.3964484203975039	1.0	1	2.5223962274773037	0.0	0.0
Pf3D7_10_v3	1572800	1573599	187	13.596352222301958	520	35.927928575277996	0.3797275359200859	1.0	1	2.633467171604988	8.91850241124814e-82	4.28713975558244e-81
Pf3D7_10_v3	1575000	1577799	3109	226.0484441665069	3797	262.3429707698664	0.8617025810430382	1.0	1	1.1604932165684838	1.5600865200815193e-19	5.212972030516296e-19
Pf3D7_10_v3	1578800	1579999	1655	120.33135255566707	1742	120.35856072718127	0.999804093367354	1.0	1	1.000195945019575	0.4898643652690287	0.951935007685914
Pf3D7_10_v3	1581000	1584999	7602	552.7244363312273	7204	497.7399951082743	1.1104601306479063	1.2717714105223727e-19	5.124490683575443e-19	0.9005276032886858	1.0	1
Pf3D7_10_v3	1589600	1594599	4852	352.7780801209043	5955	411.4438743572701	0.8574475571552307	1.0	1	1.1662520834716914	2.5034817431601996e-31	9.269648616566144e-31
Pf3D7_10_v3	1598200	1598399	200	14.541553178932576	352	24.32044395864972	0.599202086810429	1.0	1	1.6688860436435236	2.1722258706587103e-19	7.170962512776948e-19
Pf3D7_10_v3	1599600	1600799	2563	186.35000398802097	2463	170.17401554021095	1.0950382324486028	2.786259231452945e-06	8.675398061569396e-06	0.9132101239642665	1.0	1
Pf3D7_10_v3	1602400	1637399	97671	7101.440202697618	102547	7085.194791555832	1.0022933551952335	0.23649705722802375	0.5225822071006331	0.9977118922485654	1.0	1
Pf3D7_10_v3	1638200	1638599	476	34.60889656585953	610	42.14622390561457	0.821540795036494	1.0	1	1.2172250070132897	1.069646886898565e-06	2.845468417574824e-06
Pf3D7_10_v3	1639400	1666999	58284	4237.699427404531	50196	3468.1505822397194	1.2218868852046605	0.0	0.0	0.8184063615941868	1.0	1
Pf3D7_10_v3	1669000	1687599	41570	3022.461828241136	17813	1230.7388302142824	2.455732109808851	0.0	0.0	0.4072105405983545	1.0	1
Pf3D7_11_v3	0	31399	88852	6460.2304152725865	93789	6480.085563743745	0.9969365649541274	1.0	1	1.0030728485177123	0.17322539225388622	0.3489982167468002
Pf3D7_11_v3	32600	50399	41611	3025.442846642817	39705	2743.304623233486	1.1028448429831799	2.779467658956698e-86	1.3846802519166094e-85	0.9067458639920861	1.0	1
Pf3D7_11_v3	52000	62199	13082	951.1629934339798	20703	1430.4152024884236	0.6649745857061576	1.0	1	1.5038168698403236	0.0	0.0
Pf3D7_11_v3	64600	64999	232	16.86820168756179	486	33.578794783817514	0.5034761759791492	1.0	1	1.9861912990326152	9.63908507828963e-43	3.883984281546116e-42
Pf3D7_11_v3	66600	76999	22088	1605.9691330813137	23813	1645.2918522367208	0.9761030528325692	1.0	1	1.0244819920377093	9.871475864241387e-05	0.0002481453565873523
Pf3D7_11_v3	78200	79599	1201	87.32202683949012	1601	110.61656470965397	0.7895759673734508	1.0	1	1.2665025802729675	3.739686550877188e-20	1.2650297715312957e-19
Pf3D7_11_v3	82600	84199	1193	86.74036471233282	1704	117.7330582543725	0.7369396243213063	1.0	1	1.3569632667275322	1.4393730449054904e-33	5.4025782781384165e-33
Pf3D7_11_v3	85000	86799	1731	125.85714276366143	2367	163.54116718785193	0.7696940951230946	1.0	1	1.299217450589995	1.1512463868252448e-34	4.38113208319607e-34
Pf3D7_11_v3	88400	88799	582	42.315919750693794	668	46.153569785164805	0.9170529286564152	1.0	1	1.090449600837229	0.012612136225766494	0.028559713436859663
Pf3D7_11_v3	93400	100399	12092	879.1823051982635	10737	741.8426329091535	1.1851207943505035	4.456171262682152e-74	2.105156768922258e-73	0.843795843231358	1.0	1
Pf3D7_11_v3	101400	102399	1551	112.76974490262212	1602	110.68565687999104	1.018849788709647	0.22682170808515698	0.5052776261409188	0.9814989521335428	1.0	1
Pf3D7_11_v3	103400	103599	400	29.08310635786515	339	23.422245744267766	1.2411304213385523	1.2569663652769178e-05	3.784711913031599e-05	0.8057170969361186	1.0	1
Pf3D7_11_v3	104400	110999	5659	411.4532471978972	7475	516.4639732696212	0.7967078634419535	1.0	1	1.2551652191303593	2.4885251776747793e-80	1.175613618418775e-79
Pf3D7_11_v3	136600	137399	426	30.973508271126388	768	53.06278681887211	0.5843236984584411	1.0	1	1.711380186424397	3.897574692802238e-43	1.5939335310862883e-42
Pf3D7_11_v3	1651600	1654399	1387	100.8456712958974	2645	182.74879054155826	0.5520159054726087	1.0	1	1.8115420046526547	7.380757122154721e-171	4.932505979196082e-170
Pf3D7_11_v3	1839400	1850599	5175	376.26268850488043	23343	1612.8185321782964	0.2333302026684956	1.0	1	4.285771788493032	0.0	0.0
Pf3D7_11_v3	1873600	1880599	8734	635.0296273239856	3957	273.3977180237981	2.322411025451383	0.0	0.0	0.4305870016293262	1.0	1
Pf3D7_11_v3	1982800	1998399	22288	1620.5106862602463	33528	2316.5222870613857	0.6995551345630896	1.0	1	1.4294798945683598	0.0	0.0
Pf3D7_11_v3	2001600	2022999	57373	4171.462652674493	58307	4028.557175843719	1.0354734053046772	5.0289666212785356e-17	1.9138011864309983e-16	0.9657418480059953	1.0	1
Pf3D7_11_v3	2024400	2037999	43211	3141.7752720742774	40082	2769.3523714505627	1.1344780926671745	7.299161864535968e-146	4.166604897672615e-145	0.8814625918857416	1.0	1
Pf3D7_12_v3	0	21999	67836	4932.204007230351	9171	633.644294161297	7.78313480727878	0.0	0.0	0.12848293454519136	1.0	1
Pf3D7_12_v3	23000	24399	1766	128.40191456997465	1106	76.41594039280281	1.6797354728169986	4.254958624073543e-90	2.158997524066946e-89	0.5953318341982449	1.0	1
Pf3D7_12_v3	26400	27399	1278	92.92052481337916	748	51.68094341213065	1.7969694422930753	7.30759232475013e-82	3.5127724508447995e-81	0.5564924903363525	1.0	1
Pf3D7_12_v3	30000	41999	33475	2433.89246332384	12146	839.1935009140894	2.900123502638807	0.0	0.0	0.3448129016195708	1.0	1
Pf3D7_12_v3	43800	63799	57845	4205.780718176774	19550	1350.7519300897782	3.1135534290883915	0.0	0.0	0.3211764380394099	1.0	1
Pf3D7_12_v3	586800	586999	254	18.46777253724437	213	14.716632281796562	1.2539446655563486	0.00020740617865924233	0.0005626662668577465	0.797483355899378	1.0	1
Pf3D7_12_v3	763200	785399	65491	4761.7042962073665	68717	4747.806669052649	1.0029278867959877	0.22655332076167356	0.5088164744975292	0.9970806606990047	1.0	1
Pf3D7_12_v3	825000	829999	1982	144.1067920032218	9772	675.168688533878	0.21352404129216473	1.0	1	4.683313382176488	0.0	0.0
Pf3D7_12_v3	903600	915999	29920	2175.4163555683135	35981	2486.005380898226	0.8750699493925461	1.0	1	1.1427657876883757	9.955046099139638e-136	5.803580066306937e-135
Pf3D7_12_v3	1058000	1058399	428	31.11892380291571	422	29.156895882244832	1.0672567001906654	0.0860477001822217	0.19812663739435923	0.9369817025476158	1.0	1
Pf3D7_12_v3	1688600	1743399	143009	10397.864892829844	153677	10617.877460890377	0.9792795196919167	1.0	1	1.0211589029397878	1.4021321846704168e-16	4.3166766134797105e-16
Pf3D7_12_v3	1745200	1745399	249	18.104233707771055	238	16.44393654022339	1.1007636329028574	0.062149428177103096	0.146801235521778	0.9084602453324784	1.0	1
Pf3D7_12_v3	2162200	2169799	2910	211.57959875346896	16097	1112.176665915865	0.1902927522812454	1.0	1	5.255060889140109	0.0	0.0
Pf3D7_12_v3	2183200	2196399	25081	1823.5834764040396	29374	2029.5134114811844	0.8985375962243001	1.0	1	1.1129194862875524	6.784525778007672e-73	3.098266771956837e-72
Pf3D7_12_v3	2197200	2197599	453	32.93661795028228	679	46.91358365887261	0.7025850514809261	1.0	1	1.4233152241030111	1.2527541173464272e-18	4.0863646208681074e-18
Pf3D7_12_v3	2199200	2202799	7586	551.5611120769127	7452	514.8748533518684	1.0712502295437119	1.4728061292542654e-09	5.044360992695859e-09	0.9334887147944323	1.0	1
Pf3D7_12_v3	2203600	2230199	62476	4542.490382034958	66854	4619.087955714683	0.9834181957248591	1.0	1	1.0168613966542674	8.009056013451055e-06	2.0702654223448953e-05
Pf3D7_12_v3	2231200	2236599	8793	639.3193855117706	9730	672.2668173797209	0.9510009568067853	1.0	1	1.051523652886471	4.2728608407974317e-07	1.1591721488896004e-06
Pf3D7_12_v3	2238000	2239599	3676	267.2737474287808	3715	256.67741280222646	1.0412856651086435	0.007195591875738744	0.017923565217749234	0.9603512595130791	1.0	1
Pf3D7_12_v3	2241200	2242599	2112	153.558801569528	2061	142.39896306470757	1.0783575944934496	0.00029179252855181053	0.000776224784691224	0.927336168545966	1.0	1
Pf3D7_12_v3	2243400	2271399	84358	6133.481715341971	17457	1206.1420175742844	5.084975899787939	0.0	0.0	0.19665776587883207	1.0	1
Pf3D7_13_v3	0	599	1806	131.31022520576118	923	63.77207322111843	2.057965768106735	7.548770344780036e-166	4.496441466238544e-165	0.4859167317053914	1.0	1
Pf3D7_13_v3	24000	26599	6232	453.11479705553904	5854	404.4655651532257	1.1202686756674014	6.350512612610392e-19	2.521797762109054e-18	0.892643007628727	1.0	1
Pf3D7_13_v3	27400	28799	1486	108.04374011946905	2283	157.7374248795378	0.6851202973524434	1.0	1	1.4595976850552632	2.7594924151811835e-65	1.2195176157413618e-64
Pf3D7_13_v3	30200	31999	1982	144.1067920032218	3463	239.26618587728402	0.6024164132645283	1.0	1	1.6599813318182084	4.118617265513759e-167	2.564775297160841e-166
Pf3D7_13_v3	32800	46799	40711	2960.0058573376205	40630	2807.2148807952785	1.0544279074042116	1.44004004578984e-26	6.070322654560248e-26	0.9483815754287062	1.0	1
Pf3D7_13_v3	47800	51999	10691	777.3187251798408	11098	766.7849064008368	1.0137411220313062	0.07867623827824308	0.1826888922732085	0.9864451369953582	1.0	1
Pf3D7_13_v3	53400	59199	14146	1028.524056345901	12925	893.0163016066692	1.1517339453528508	6.641503117932733e-61	3.0329530905226147e-60	0.8682560794833873	1.0	1
Pf3D7_13_v3	60000	61199	1907	138.6537095611221	1672	115.52210880358616	1.2001468637592296	4.558849658171912e-15	1.643585271498821e-14	0.8332313570921579	1.0	1
Pf3D7_13_v3	62600	66599	7088	515.3526446613705	6761	467.132163648951	1.103219107413166	1.8865064384393295e-16	6.985172488275355e-16	0.9064382526375974	1.0	1
Pf3D7_13_v3	69200	71999	3325	241.7533215997541	4628	319.75856431997414	0.7561135644721036	1.0	1	1.3225526521246456	3.2220298840095697e-74	1.4963325224044443e-73
Pf3D7_13_v3	73000	79599	5911	429.7756042033523	11483	793.3853919806099	0.5417428731645715	1.0	1	1.845894149301007	0.0	0.0
Pf3D7_13_v3	85400	88599	1068	77.65189397549996	2984	206.171036285826	0.37686459140232353	1.0	1	2.6534729523911293	0.0	0.0
Pf3D7_13_v3	89600	90999	742	53.949162293839855	1396	96.452669790554	0.5596859087759218	1.0	1	1.7867164141885947	1.1060654644924968e-87	5.510217041289894e-87
Pf3D7_13_v3	117800	125599	2847	206.99900950210522	16128	1114.3185231963143	0.18581659954994204	1.0	1	5.381650522192606	0.0	0.0
Pf3D7_13_v3	2822200	2841399	21400	1555.9461901457855	36133	2496.5073907894607	0.6232610571044687	1.0	1	1.604464114356472	0.0	0.0
Pf3D7_13_v3	2842600	2844599	704	51.18626718984267	1609	111.16930207235055	0.46080290267320984	1.0	1	2.1701252188273985	1.006941191782938e-167	6.416322942988953e-167
Pf3D7_13_v3	2845800	2846999	341	24.79334817008004	1159	80.07782542066768	0.3102559235386681	1.0	1	3.2231455522085044	1.2207745924679827e-245	9.040330765843981e-245
Pf3D7_13_v3	2850400	2851199	154	11.196995947778083	1058	73.0995162166233	0.15402375365773882	1.0	1	6.4925050601099645	0.0	0.0
Pf3D7_13_v3	2852600	2864999	27929	2030.6551936720396	30153	2083.336212173764	0.9747157200779275	1.0	1	1.0259401581417513	4.6596567421170104e-06	1.2159485212762484e-05
Pf3D7_13_v3	2865800	2867399	1625	118.15011957882717	1704	117.7330582543725	1.0035710461863014	0.4368291994838288	0.913673287469993	0.996441660807302	1.0	1
Pf3D7_13_v3	2868600	2879999	25960	1887.4936026254484	27003	1865.6958756119839	1.0116849351260655	0.030598706230950897	0.07354425883579425	0.9884500255757892	1.0	1
Pf3D7_13_v3	2881000	2882999	3061	222.5584714035631	3082	212.94206897885917	1.0451620373710067	0.007383385714478211	0.018225654826729998	0.9567894395737844	1.0	1
Pf3D7_13_v3	2884800	2925199	111274	8090.483942162717	106651	7368.749058619179	1.0979449464446027	3.4461770535244345e-207	2.14602843787658e-206	0.9107924793845348	1.0	1
Pf3D7_14_v3	0	5399	10468	761.104893385331	6483	447.9245402952447	1.6990812948880587	0.0	0.0	0.588553357045746	1.0	1
Pf3D7_14_v3	7000	30399	55741	4052.803578734404	58044	4010.3859350450693	1.0105776673711628	0.006522549936293553	0.01639613470224251	0.9895330485595643	1.0	1
Pf3D7_14_v3	31200	33599	2977	216.4510190684114	4055	280.16875071683125	0.7726427116464947	1.0	1	1.29425928042343	2.720485987619662e-56	1.183195493028234e-55
Pf3D7_14_v3	34600	42599	18258	1327.4983897047548	20254	1399.3928180070777	0.9486296753173857	1.0	1	1.0541521375719427	4.831981039399272e-14	1.439090005212392e-13
Pf3D7_14_v3	53400	53799	397	28.86498306018116	315	21.764033656178015	1.3254030163162736	3.1713561356398236e-08	1.0469296158618212e-07	0.754487493758182	1.0	1
Pf3D7_14_v3	941400	944999	1489	108.26186341715302	3987	275.4704831339103	0.39317245467706774	1.0	1	2.543413171762885	0.0	0.0
Pf3D7_14_v3	994200	1003599	3732	271.3453823188819	18398	1271.1577498614702	0.21350877837897747	1.0	1	4.6836481740577565	0.0	0.0
Pf3D7_14_v3	1373000	1373199	239	17.37715604882443	207	14.302079259774125	1.2142269612174594	0.001533080353609477	0.00396286808385846	0.823569260064311	1.0	1
Pf3D7_14_v3	2547200	2552399	7736	562.467276961112	2568	177.42869342560363	3.1692788889636256	0.0	0.0	0.31552918977319994	1.0	1
Pf3D7_14_v3	3087800	3111999	12059	876.7829489237397	57405	3966.236038199679	0.22107619758640015	1.0	1	4.523327300349392	0.0	0.0
Pf3D7_14_v3	3147400	3154799	17553	1276.2394147490174	18345	1267.4958648336053	1.0069007631227396	0.18014904199823895	0.40794080584725184	0.9931465310431009	1.0	1
Pf3D7_14_v3	3161800	3185599	42670	3102.440370725265	51573	3563.290500793869	0.8706707806355047	1.0	1	1.1485397491691378	7.052890708947193e-208	4.955107831414182e-207
Pf3D7_14_v3	3193400	3197199	6599	479.79854713888034	5787	399.83638974064183	1.1999616824747528	3.368400231813505e-47	1.4886155863175812e-46	0.833359943575565	1.0	1
Pf3D7_14_v3	3198200	3217599	20980	1525.4089284700271	47135	3256.6594488379387	0.46840920789905205	1.0	1	2.134885444471263	0.0	0.0
Pf3D7_14_v3	3218400	3229599	21845	1588.3011459689108	24262	1676.3142367180667	0.9475003875086513	1.0	1	1.055408539335156	4.036722533484294e-17	1.2713356024996513e-16
Pf3D7_14_v3	3235200	3243599	16198	1177.7203919617493	16710	1154.530166332491	1.0200882176686061	0.005736177434216989	0.014552894601624582	0.9803073721265819	1.0	1
Pf3D7_14_v3	3244800	3260999	27643	2009.8607726261657	29916	2066.9613678038777	0.9723772916327191	1.0	1	1.0284073976274162	6.938883120591791e-07	1.8639744853354421e-06
Pf3D7_14_v3	3261800	3262199	379	27.556243274077232	684	47.25904451055798	0.5837743249064964	1.0	1	1.7129907180487438	8.602542529596696e-39	3.4160821059557896e-38
Pf3D7_14_v3	3264800	3268599	6055	440.24552249218374	6250	431.82606460670667	1.019502588414954	0.06598941208445273	0.15453930693282095	0.9808704866112453	1.0	1
Pf3D7_14_v3	3269600	3291799	42522	3091.679621372855	54705	3779.687178289582	0.8179766386795482	1.0	1	1.2225288018179716	0.0	0.0
