Pf3D7_01_v3	35600	37199	2243	163.08351890172884	2584	178.53416815099678	0.9135120286946675	1.0	1	1.094676335492721	2.7303126905344905e-06	7.1933238192927925e-06	
Pf3D7_01_v3	50000	51599	1867	135.7453989253356	2125	146.82086196628026	0.9246248832300028	1.0	1	1.0815196715306734	0.00016945118228566184	0.00041828490041685896	
Pf3D7_01_v3	70200	77599	4961	360.70322660342254	6992	483.09245499681487	0.7466983589331564	1.0	1	1.339228870716614	2.0216512295620152e-120	1.1304743610203922e-119	
Pf3D7_01_v3	79800	79999	486	35.33597422480616	692	47.81178187325455	0.7395161992753956	1.0	1	1.3522354222663895	1.484730827244941e-14	4.470508205111141e-14	
Pf3D7_01_v3	98800	101799	2129	154.79483358973727	2985	206.2401284561631	0.7506573912951877	1.0	1	1.33216566118745	5.366574301030644e-51	2.2622174745883023e-50	
Pf3D7_01_v3	543000	582799	78258	5689.964343384528	92634	6400.284107004426	0.8890192266083181	1.0	1	1.124835065508181	1.7886678425889178e-270	1.40027139676961e-269	
Pf3D7_01_v3	587800	601999	29578	2150.5502996323385	32038	2213.5749532591467	0.9715306360291439	1.0	1	1.0293036193765506	1.3082644004336538e-07	3.584644457188211e-07	
Pf3D7_01_v3	602800	605599	3174	230.77444894965996	4387	303.10735126873954	0.7614284081472296	1.0	1	1.313321107145559	3.07333280218419e-67	1.3804806357351938e-66	
Pf3D7_01_v3	607200	608599	1782	129.56523882428925	2018	139.42799974021344	0.9293236497955917	1.0	1	1.0760513844880133	0.0005359934529169825	0.0012996655407013556	
Pf3D7_02_v3	51600	72199	49677	3611.903686349168	53597	3703.1330535561046	0.9753657110734137	1.0	1	1.0252564639569661	4.361975713345523e-09	1.2449805681840348e-08	
Pf3D7_02_v3	839000	853999	21609	1571.1421132177702	27051	1869.0122997881635	0.8406347779950243	1.0	1	1.1895772411237535	7.603765250610092e-170	4.9605516158742027e-169	
Pf3D7_02_v3	855200	870999	25908	1883.7127987989259	36460	2519.1005304896835	0.7477803358773869	1.0	1	1.3372911161493413	0.0	0.0	
Pf3D7_02_v3	877800	878999	1897	137.9266319021755	2286	157.94470139054903	0.8733372989674857	1.0	1	1.1450329685704057	1.0704571711219176e-10	3.1202687753979303e-10	
Pf3D7_02_v3	880400	881599	1013	73.65296685129348	1607	111.0311177316764	0.6635961775608853	1.0	1	1.5069405668905462	6.081277961008801e-54	2.6035471270568933e-53	
Pf3D7_02_v3	916200	917599	1889	137.34496977501817	2340	161.67567858875097	0.8495957977249888	1.0	1	1.1770303039136458	7.071598892379005e-15	2.1529089961242747e-14	
Pf3D7_03_v3	58800	79999	44141	3209.393494356314	48812	3372.52701849321	0.9516307606399856	1.0	1	1.0508277384050568	8.252674326857976e-28	2.9753062704724808e-27	
Pf3D7_03_v3	123800	132999	24994	1817.257900771204	29971	2070.7614371724167	0.8775853855669631	1.0	1	1.139490260943613	8.137869498213798e-109	4.459552485021161e-108	
Pf3D7_03_v3	135600	137999	1750	127.23859031566005	2092	144.54082034515685	0.8803773950690567	1.0	1	1.1358765065992638	5.166012297062764e-09	1.4592653292733993e-08	
Pf3D7_03_v3	1009600	1010399	842	61.21993888330614	1149	79.38690371729695	0.7714036677091095	1.0	1	1.2963381454612066	1.2953890731891061e-17	4.127169837835059e-17	
Pf3D7_03_v3	1011800	1012599	192	13.959891051775273	667	46.08447761482773	0.30404146164616824	1.0	1	3.2890251039634895	6.269229527903524e-147	3.734280197055577e-146	
Pf3D7_03_v3	1013400	1014999	896	65.14615824161794	1618	111.79113160538421	0.5830389373999092	1.0	1	1.7151513146952913	7.699993283801068e-89	3.9070336291879497e-88	
Pf3D7_03_v3	1024400	1029199	3303	240.15375075007148	8285	572.4286312426503	0.4196112031395311	1.0	1	2.3831584869946267	0.0	0.0	
Pf3D7_04_v3	65200	75399	24650	1792.24642930344	26368	1821.8223474479425	0.9837683508984812	1.0	1	1.016499462588621	0.0039692346313260326	0.009295472555413102	
Pf3D7_04_v3	76600	90199	31078	2259.6119484743326	33643	2324.467886650149	0.9721009718618606	1.0	1	1.0286997225038306	1.1721746466587624e-07	3.244200537217181e-07	
Pf3D7_04_v3	98400	101999	1493	108.55269448073169	7609	525.722324094789	0.2065940958455147	1.0	1	4.840409382985331	0.0	0.0	
Pf3D7_04_v3	108400	125599	18507	1345.6026234125259	33820	2336.6972007998106	0.5758707386471239	1.0	1	1.7365008028525124	0.0	0.0	
Pf3D7_04_v3	127200	132799	3872	281.52446954413466	6384	441.08441543187445	0.6383201594397063	1.0	1	1.566611966129603	9.529674224385335e-245	6.87139667758311e-244	
Pf3D7_04_v3	150400	171799	55483	4034.0449751335805	59060	4080.5835801075355	0.9885961896011061	1.0	1	1.0115353574278851	0.0026763572758943333	0.00632174046202627	
Pf3D7_04_v3	545800	569399	42931	3121.417097623772	69372	4793.062040623432	0.6512423129909751	1.0	1	1.5355267617782353	0.0	0.0	
Pf3D7_04_v3	571200	572399	1500	109.06164884199433	2595	179.29418202470458	0.6084543064775626	1.0	1	1.6435087883413249	2.000220557439765e-121	1.1417925682051991e-120	
Pf3D7_04_v3	582600	584799	2700	196.31096791558977	6547	452.3464391968173	0.43407810312796435	1.0	1	2.303732883077966	0.0	0.0	
Pf3D7_04_v3	597800	614199	32773	2382.8516116657865	47048	3250.6484300186135	0.7330456439743435	1.0	1	1.3641715331371644	0.0	0.0	
Pf3D7_04_v3	1121000	1150999	48016	3491.136087198133	67887	4690.460167672879	0.7443102050024785	1.0	1	1.3435258488719366	0.0	0.0	
Pf3D7_04_v3	1154600	1168199	36663	2665.6848209960253	40277	2782.8253446662916	0.957908245988712	1.0	1	1.043941321298307	5.049691818688267e-18	1.6277830097889237e-17	
Pf3D7_04_v3	1169000	1171399	2522	183.3689855863398	6222	429.8914838372686	0.4266477058328937	1.0	1	2.3438541595994726	0.0	0.0	
Pf3D7_05_v3	1318400	1343399	59825	4349.742094648207	71730	4955.98137827825	0.8776776645739821	1.0	1	1.1393704549669634	1.0452675797799924e-256	7.95564769054772e-256	
Pf3D7_06_v3	43600	44799	307	22.321284129661507	947	65.43028530920819	0.34189625546516933	1.0	1	2.9248638556729523	3.102455913328057e-174	2.125182300629719e-173	
Pf3D7_06_v3	45800	48999	2001	145.48823955522042	4194	289.7725623936844	0.5022085163710068	1.0	1	1.9912047832762148	0.0	0.0	
Pf3D7_06_v3	737800	745399	10980	798.3312695233984	18846	1302.1110421724788	0.6131286726257973	1.0	1	1.6309790173690293	0.0	0.0	
Pf3D7_06_v3	1318000	1319799	1512	109.93414203273026	2001	138.2534328444832	0.7952923776285785	1.0	1	1.2573992007591264	2.26660390364977e-23	7.861385691139708e-23	
Pf3D7_06_v3	1321200	1321799	673	48.93232644710812	816	56.37921099505162	0.8681400762290804	1.0	1	1.1518878431965454	3.483910484955302e-05	8.92141563437152e-05	
Pf3D7_06_v3	1344800	1352199	14135	1027.7242709210598	15688	1083.9179682480021	0.9481635124779999	1.0	1	1.0546704095230652	1.863313507752851e-11	5.489762377680442e-11	
Pf3D7_06_v3	1354000	1370199	21253	1545.2581485592702	39772	2747.93379864607	0.5623468816170207	1.0	1	1.7782618392486034	0.0	0.0	
Pf3D7_06_v3	1371000	1372999	1618	117.64116521756455	2309	159.5338213083017	0.7375421313923195	1.0	1	1.3558547470531845	1.6792217870309063e-44	6.971314691613156e-44	
Pf3D7_07_v3	47600	50999	6515	473.6910948037287	7138	493.1799118660275	0.9604962173115617	1.0	1	1.0411285145911453	0.0003474196977764358	0.0008499374749173519	
Pf3D7_07_v3	53400	53799	191	13.88718328588061	581	40.14255096583945	0.3471604232759197	1.0	1	2.8805126764268567	1.3766411229032154e-105	7.396071915205511e-105	
Pf3D7_07_v3	54600	57199	2822	205.18131535473864	4135	285.6961243437971	0.7182610452888386	1.0	1	1.3922514753641748	6.56197432844034e-91	3.3924169169672695e-90	
Pf3D7_07_v3	69400	69599	150	10.906164884199432	300	20.727651101121918	0.52791307306088	1.0	1	1.894251252771454	2.9729259690475365e-24	1.0443355327166987e-23	
Pf3D7_07_v3	73400	83799	21754	1581.6847392724962	24461	1690.0635786151443	0.935877682491799	1.0	1	1.0685157031819303	5.52721820577133e-25	1.9668282965991486e-24	
Pf3D7_07_v3	84800	85399	414	30.101015080390432	727	50.23000783505212	0.5998859391729116	1.0	1	1.6669835625398102	1.565801627393921e-37	6.1289949415133474e-37	
Pf3D7_07_v3	89200	90799	1109	80.63291237718113	1888	130.44601759639394	0.6183622745850694	1.0	1	1.6171749815607934	6.981614140115362e-84	3.416004061413588e-83	
Pf3D7_07_v3	91800	92999	805	58.52975154520362	1188	82.0814983604428	0.7133540846446057	1.0	1	1.4018283788172348	1.0337496837633822e-28	3.7766321780155564e-28	
Pf3D7_07_v3	507000	610399	275506	20031.42575057499	296763	20503.999745740814	0.9769523608554952	1.0	1	1.0235913643980783	5.277724672361635e-37	2.0367557186297012e-36	
Pf3D7_07_v3	1391000	1412399	52432	3812.213581388964	56043	3872.132502200586	0.9845268114906095	1.0	1	1.0157163708786798	0.00011425698151410583	0.00028460375395331815	
Pf3D7_08_v3	0	50999	148243	10778.41733952251	171162	11825.9540592341	0.9114213552007439	1.0	1	1.0971873703570905	8.2436883557e-313	6.844759422626e-312	
Pf3D7_08_v3	72600	72999	355	25.811256892605325	452	31.229660992357022	0.8269966705687127	1.0	1	1.2091947109198342	3.759529713030037e-05	9.538066123798427e-05	
Pf3D7_08_v3	75800	85599	4295	312.27985451757706	20586	1422.3314185589861	0.21959536707654567	1.0	1	4.553830134546618	0.0	0.0	
Pf3D7_08_v3	427000	464399	93212	6777.236274573316	114080	7882.034792053296	0.859835023984432	1.0	1	1.163013801608186	0.0	0.0	
Pf3D7_08_v3	1311600	1313999	1169	84.99537833086092	2803	193.6653534548158	0.43909634046879603	1.0	1	2.277404541637404	0.0	0.0	
Pf3D7_09_v3	29600	32599	2033	147.81488806384962	4052	279.96147420582	0.5281123333911024	1.0	1	1.893536539051879	3.454637722189478e-296	2.784031576117403e-295	
Pf3D7_09_v3	33400	37599	10484	762.2682176396456	12075	834.2879568201572	0.9136866840496071	1.0	1	1.0944670831447805	6.882320435485084e-23	2.357194749153641e-22	
Pf3D7_09_v3	38600	40799	3029	220.23182289493386	3359	232.08060016222842	0.9489761905229313	1.0	1	1.053767217751746	0.0012534643808095789	0.0029865151334071706	
Pf3D7_09_v3	1447000	1457399	14395	1046.6282900536723	21107	1458.3284393046013	0.7177062325119231	1.0	1	1.3933277359178944	0.0	0.0	
Pf3D7_09_v3	1483600	1489999	12080	878.3098120075276	13356	922.7950270219478	0.9518004888327503	1.0	1	1.0506403513475389	7.175151312840102e-09	2.0061137344063146e-08	
Pf3D7_09_v3	1490800	1490999	107	7.779730950728927	403	27.844144645840444	0.28131594943057975	1.0	1	3.5547220199357015	6.839546504832319e-100	3.6039148890847217e-99	
Pf3D7_09_v3	1492600	1493799	1362	99.02797714853084	2537	175.28683614515435	0.5651402029370152	1.0	1	1.76947241552279	1.582924707906181e-152	9.638252665917635e-152	
Pf3D7_09_v3	1495600	1497199	1595	115.9688866019873	2024	139.84255276223587	0.8293919667930816	1.0	1	1.205702538772578	1.391788246961175e-16	4.3335224962200223e-16	
Pf3D7_10_v3	40400	61399	46149	3355.390688272797	49842	3443.6919539403953	0.9743601112592405	1.0	1	1.0263145919506322	3.797407894020323e-09	1.095252382064809e-08	
Pf3D7_10_v3	66800	66999	215	15.63216966735252	273	18.862162502020947	0.8295740406566001	1.0	1	1.205437912700968	0.0011398082874007583	0.002739539217086033	
Pf3D7_10_v3	1570000	1571999	1194	86.81307247822748	3171	219.09127213885867	0.3964484203975039	1.0	1	2.5223962274773037	0.0	0.0	
Pf3D7_10_v3	1572800	1573599	187	13.596352222301958	520	35.927928575277996	0.3797275359200859	1.0	1	2.633467171604988	8.91850241124814e-82	4.28713975558244e-81	
Pf3D7_10_v3	1575000	1577799	3109	226.0484441665069	3797	262.3429707698664	0.8617025810430382	1.0	1	1.1604932165684838	1.5600865200815193e-19	5.212972030516296e-19	
Pf3D7_10_v3	1589600	1594599	4852	352.7780801209043	5955	411.4438743572701	0.8574475571552307	1.0	1	1.1662520834716914	2.5034817431601996e-31	9.269648616566144e-31	
Pf3D7_10_v3	1598200	1598399	200	14.541553178932576	352	24.32044395864972	0.599202086810429	1.0	1	1.6688860436435236	2.1722258706587103e-19	7.170962512776948e-19	
Pf3D7_10_v3	1638200	1638599	476	34.60889656585953	610	42.14622390561457	0.821540795036494	1.0	1	1.2172250070132897	1.069646886898565e-06	2.845468417574824e-06	
Pf3D7_11_v3	52000	62199	13082	951.1629934339798	20703	1430.4152024884236	0.6649745857061576	1.0	1	1.5038168698403236	0.0	0.0	
Pf3D7_11_v3	64600	64999	232	16.86820168756179	486	33.578794783817514	0.5034761759791492	1.0	1	1.9861912990326152	9.63908507828963e-43	3.883984281546116e-42	
Pf3D7_11_v3	66600	76999	22088	1605.9691330813137	23813	1645.2918522367208	0.9761030528325692	1.0	1	1.0244819920377093	9.871475864241387e-05	0.0002481453565873523	
Pf3D7_11_v3	78200	79599	1201	87.32202683949012	1601	110.61656470965397	0.7895759673734508	1.0	1	1.2665025802729675	3.739686550877188e-20	1.2650297715312957e-19	
Pf3D7_11_v3	82600	84199	1193	86.74036471233282	1704	117.7330582543725	0.7369396243213063	1.0	1	1.3569632667275322	1.4393730449054904e-33	5.4025782781384165e-33	
Pf3D7_11_v3	85000	86799	1731	125.85714276366143	2367	163.54116718785193	0.7696940951230946	1.0	1	1.299217450589995	1.1512463868252448e-34	4.38113208319607e-34	
Pf3D7_11_v3	104400	110999	5659	411.4532471978972	7475	516.4639732696212	0.7967078634419535	1.0	1	1.2551652191303593	2.4885251776747793e-80	1.175613618418775e-79	
Pf3D7_11_v3	136600	137399	426	30.973508271126388	768	53.06278681887211	0.5843236984584411	1.0	1	1.711380186424397	3.897574692802238e-43	1.5939335310862883e-42	
Pf3D7_11_v3	1651600	1654399	1387	100.8456712958974	2645	182.74879054155826	0.5520159054726087	1.0	1	1.8115420046526547	7.380757122154721e-171	4.932505979196082e-170	
Pf3D7_11_v3	1839400	1850599	5175	376.26268850488043	23343	1612.8185321782964	0.2333302026684956	1.0	1	4.285771788493032	0.0	0.0	
Pf3D7_11_v3	1982800	1998399	22288	1620.5106862602463	33528	2316.5222870613857	0.6995551345630896	1.0	1	1.4294798945683598	0.0	0.0	
Pf3D7_12_v3	825000	829999	1982	144.1067920032218	9772	675.168688533878	0.21352404129216473	1.0	1	4.683313382176488	0.0	0.0	
Pf3D7_12_v3	903600	915999	29920	2175.4163555683135	35981	2486.005380898226	0.8750699493925461	1.0	1	1.1427657876883757	9.955046099139638e-136	5.803580066306937e-135	
Pf3D7_12_v3	1688600	1743399	143009	10397.864892829844	153677	10617.877460890377	0.9792795196919167	1.0	1	1.0211589029397878	1.4021321846704168e-16	4.3166766134797105e-16	
Pf3D7_12_v3	2162200	2169799	2910	211.57959875346896	16097	1112.176665915865	0.1902927522812454	1.0	1	5.255060889140109	0.0	0.0	
Pf3D7_12_v3	2183200	2196399	25081	1823.5834764040396	29374	2029.5134114811844	0.8985375962243001	1.0	1	1.1129194862875524	6.784525778007672e-73	3.098266771956837e-72	
Pf3D7_12_v3	2197200	2197599	453	32.93661795028228	679	46.91358365887261	0.7025850514809261	1.0	1	1.4233152241030111	1.2527541173464272e-18	4.0863646208681074e-18	
Pf3D7_12_v3	2203600	2230199	62476	4542.490382034958	66854	4619.087955714683	0.9834181957248591	1.0	1	1.0168613966542674	8.009056013451055e-06	2.0702654223448953e-05	
Pf3D7_12_v3	2231200	2236599	8793	639.3193855117706	9730	672.2668173797209	0.9510009568067853	1.0	1	1.051523652886471	4.2728608407974317e-07	1.1591721488896004e-06	
Pf3D7_13_v3	27400	28799	1486	108.04374011946905	2283	157.7374248795378	0.6851202973524434	1.0	1	1.4595976850552632	2.7594924151811835e-65	1.2195176157413618e-64	
Pf3D7_13_v3	30200	31999	1982	144.1067920032218	3463	239.26618587728402	0.6024164132645283	1.0	1	1.6599813318182084	4.118617265513759e-167	2.564775297160841e-166	
Pf3D7_13_v3	69200	71999	3325	241.7533215997541	4628	319.75856431997414	0.7561135644721036	1.0	1	1.3225526521246456	3.2220298840095697e-74	1.4963325224044443e-73	
Pf3D7_13_v3	73000	79599	5911	429.7756042033523	11483	793.3853919806099	0.5417428731645715	1.0	1	1.845894149301007	0.0	0.0	
Pf3D7_13_v3	85400	88599	1068	77.65189397549996	2984	206.171036285826	0.37686459140232353	1.0	1	2.6534729523911293	0.0	0.0	
Pf3D7_13_v3	89600	90999	742	53.949162293839855	1396	96.452669790554	0.5596859087759218	1.0	1	1.7867164141885947	1.1060654644924968e-87	5.510217041289894e-87	
Pf3D7_13_v3	117800	125599	2847	206.99900950210522	16128	1114.3185231963143	0.18581659954994204	1.0	1	5.381650522192606	0.0	0.0	
Pf3D7_13_v3	2822200	2841399	21400	1555.9461901457855	36133	2496.5073907894607	0.6232610571044687	1.0	1	1.604464114356472	0.0	0.0	
Pf3D7_13_v3	2842600	2844599	704	51.18626718984267	1609	111.16930207235055	0.46080290267320984	1.0	1	2.1701252188273985	1.006941191782938e-167	6.416322942988953e-167	
Pf3D7_13_v3	2845800	2846999	341	24.79334817008004	1159	80.07782542066768	0.3102559235386681	1.0	1	3.2231455522085044	1.2207745924679827e-245	9.040330765843981e-245	
Pf3D7_13_v3	2850400	2851199	154	11.196995947778083	1058	73.0995162166233	0.15402375365773882	1.0	1	6.4925050601099645	0.0	0.0	
Pf3D7_13_v3	2852600	2864999	27929	2030.6551936720396	30153	2083.336212173764	0.9747157200779275	1.0	1	1.0259401581417513	4.6596567421170104e-06	1.2159485212762484e-05	
Pf3D7_14_v3	31200	33599	2977	216.4510190684114	4055	280.16875071683125	0.7726427116464947	1.0	1	1.29425928042343	2.720485987619662e-56	1.183195493028234e-55	
Pf3D7_14_v3	34600	42599	18258	1327.4983897047548	20254	1399.3928180070777	0.9486296753173857	1.0	1	1.0541521375719427	4.831981039399272e-14	1.439090005212392e-13	
Pf3D7_14_v3	941400	944999	1489	108.26186341715302	3987	275.4704831339103	0.39317245467706774	1.0	1	2.543413171762885	0.0	0.0	
Pf3D7_14_v3	994200	1003599	3732	271.3453823188819	18398	1271.1577498614702	0.21350877837897747	1.0	1	4.6836481740577565	0.0	0.0	
Pf3D7_14_v3	3087800	3111999	12059	876.7829489237397	57405	3966.236038199679	0.22107619758640015	1.0	1	4.523327300349392	0.0	0.0	
Pf3D7_14_v3	3161800	3185599	42670	3102.440370725265	51573	3563.290500793869	0.8706707806355047	1.0	1	1.1485397491691378	7.052890708947193e-208	4.955107831414182e-207	
Pf3D7_14_v3	3198200	3217599	20980	1525.4089284700271	47135	3256.6594488379387	0.46840920789905205	1.0	1	2.134885444471263	0.0	0.0	
Pf3D7_14_v3	3218400	3229599	21845	1588.3011459689108	24262	1676.3142367180667	0.9475003875086513	1.0	1	1.055408539335156	4.036722533484294e-17	1.2713356024996513e-16	
Pf3D7_14_v3	3244800	3260999	27643	2009.8607726261657	29916	2066.9613678038777	0.9723772916327191	1.0	1	1.0284073976274162	6.938883120591791e-07	1.8639744853354421e-06	
Pf3D7_14_v3	3261800	3262199	379	27.556243274077232	684	47.25904451055798	0.5837743249064964	1.0	1	1.7129907180487438	8.602542529596696e-39	3.4160821059557896e-38	
Pf3D7_14_v3	3269600	3291799	42522	3091.679621372855	54705	3779.687178289582	0.8179766386795482	1.0	1	1.2225288018179716	0.0	0.0	
