Pf3D7_01_v3	0	34799	98967	7195.669467297102	59595	4117.547891237869	1.7475501495301742	0.0	0.0	0.5722296440355936	1.0	1	
Pf3D7_01_v3	39000	39999	2476	180.02442835518528	2437	168.37761911144705	1.0691638604912062	0.00047492736149693654	0.001251250933174621	0.9353103270256158	1.0	1	
Pf3D7_01_v3	78400	78799	612	44.49715272753368	501	34.61517733887361	1.285016554308358	1.0392598824545982e-09	3.6045216176273404e-09	0.7782000913896676	1.0	1	
Pf3D7_01_v3	80800	83599	5077	369.1373274472034	5066	350.02093492761213	1.0546145466457388	8.32370706988835e-05	0.0002327240548111641	0.9482137366496192	1.0	1	
Pf3D7_01_v3	85800	85999	399	29.01039859197049	352	24.32044395864972	1.1924419638018489	0.00027373508902207253	0.0007353275920789007	0.8386152369308705	1.0	1	
Pf3D7_01_v3	609600	621399	36245	2635.292974852056	30778	2126.5188186344344	1.2392460566657884	0.0	0.0	0.8069422489755717	1.0	1	
Pf3D7_01_v3	623000	625599	5494	399.45646582527786	2136	147.58087583998807	2.705921165951309	0.0	0.0	0.36955991644658065	1.0	1	
Pf3D7_01_v3	627000	640799	32080	2332.465129900785	10575	730.6497013145477	3.1921142010629424	0.0	0.0	0.3132720000014441	1.0	1	
Pf3D7_02_v3	0	35199	94859	6896.985965001826	89702	6197.705863576128	1.112828187860047	6.539108697653979e-230	4.265989959898072e-229	0.8986113138659672	1.0	1	
Pf3D7_02_v3	360800	381599	57064	4148.995953013043	11649	804.854692256564	5.154610586806102	0.0	0.0	0.194001075960933	1.0	1	
Pf3D7_02_v3	831600	831999	436	31.700585930073014	386	26.669577750110204	1.188289985646234	0.00019969255920946878	0.0005471576122339445	0.8415454241635848	1.0	1	
Pf3D7_02_v3	872200	875999	5190	377.35330499330036	5084	351.26459399367945	1.0742665096537243	1.6132523424573635e-07	5.139896998061833e-07	0.930867704627911	1.0	1	
Pf3D7_02_v3	886600	887399	1855	134.87290573459964	1773	122.50041800763054	1.1009721202651208	2.1155263764786454e-05	6.166534331437754e-05	0.9082882132920803	1.0	1	
Pf3D7_02_v3	889200	897599	19123	1390.3906072036384	19369	1338.246247258768	1.0389653873075033	7.30768633208114e-08	2.35565418234145e-07	0.9624959716815179	1.0	1	
Pf3D7_02_v3	898400	900599	6231	453.04208928964437	6046	417.7312618579437	1.0845246843061982	1.237212934087717e-10	4.346106973590185e-10	0.9220629225601527	1.0	1	
Pf3D7_02_v3	901600	910399	16671	1212.1111652299248	16829	1162.7521346026024	1.0424507612058915	4.747489711503147e-08	1.548585929704598e-07	0.9592779220029682	1.0	1	
Pf3D7_02_v3	913400	914599	2201	160.02979273415298	1930	133.34788875055102	1.20001591547768	4.4155616246468177e-17	1.7040336410608846e-16	0.833322281064863	1.0	1	
Pf3D7_02_v3	918400	946999	87730	6378.652301938775	73610	5085.874658511948	1.2541870933686508	0.0	0.0	0.797329206533354	1.0	1	
Pf3D7_03_v3	200	42399	100541	7310.111490815301	17027	1176.4323843293432	6.213493433370275	0.0	0.0	0.1609400590381871	1.0	1	
Pf3D7_03_v3	43200	44599	1738	126.36609712492408	1449	100.11455481841887	1.2620702948157752	3.901540784735452e-21	1.6197305682083545e-20	0.7923488922191695	1.0	1	
Pf3D7_03_v3	49800	50399	1130	82.15977546096904	1048	72.40859451325257	1.134590340691472	1.4589194703560997e-05	4.345042770408384e-05	0.8813753864593575	1.0	1	
Pf3D7_03_v3	51200	57599	10471	761.323016683015	10601	732.4460977433115	1.0394265333100678	4.1074261330263554e-05	0.0001172327875467939	0.9620689562498339	1.0	1	
Pf3D7_03_v3	116000	122999	16346	1188.4811413141595	14978	1034.8625273086802	1.148437081938196	2.2709574469796313e-67	1.0546480346990153e-66	0.8707486162953904	1.0	1	
Pf3D7_03_v3	848200	857999	29527	2146.842203571711	5844	403.7746434498549	5.3162020900003295	0.0	0.0	0.188104211064696	1.0	1	
Pf3D7_03_v3	1002800	1004799	3086	224.37616555092964	2746	189.72709974560263	1.1825783807940267	5.57286702701355e-20	2.2790530826891234e-19	0.8456099115633783	1.0	1	
Pf3D7_03_v3	1015800	1023199	18162	1320.5184441788672	17985	1242.622683512259	1.0626859996875546	2.396297940696193e-16	8.754475143343426e-16	0.9410117384570935	1.0	1	
Pf3D7_03_v3	1030600	1067799	100390	7299.132618165207	86646	5986.560191026033	1.2192512648843898	0.0	0.0	0.8201754870394338	1.0	1	
Pf3D7_04_v3	0	599	1038	75.47066099866007	485	33.509702613480435	2.249734371078769	4.2289880177385945e-118	2.3174854337207497e-117	0.4444969205499983	1.0	1	
Pf3D7_04_v3	2800	2999	245	17.813402644192404	77	5.320097115954625	3.318887027327723	1.184564814905401e-56	5.320832119411146e-56	0.3013058268527967	1.0	1	
Pf3D7_04_v3	5000	17999	40346	2933.467522786069	26427	1825.8987854978297	1.6065672712152033	0.0	0.0	0.6224451461927283	1.0	1	
Pf3D7_04_v3	18800	37799	51727	3760.954606433227	43349	2995.07649194178	1.2557076805046332	0.0	0.0	0.7963636884008931	1.0	1	
Pf3D7_04_v3	42000	43599	2748	199.80094067853358	1947	134.52245564628123	1.4850386349427909	9.960256906110271e-85	4.873411414775383e-84	0.6733831541281912	1.0	1	
Pf3D7_04_v3	44400	64199	51189	3721.8378283818984	45462	3141.0682478640156	1.1848926465937617	2.4792943066633003e-305	1.7418631795531906e-304	0.8439583137550251	1.0	1	
Pf3D7_04_v3	934600	939199	14346	1043.0656095248337	12582	869.3176871810532	1.1998552796822677	6.305590576892605e-100	3.259871354846366e-99	0.8334338456757959	1.0	1	
Pf3D7_04_v3	950800	950999	495	35.99034411785812	430	29.70963324494142	1.2110340983650703	1.550932108474016e-05	4.569412878729897e-05	0.8257405810043068	1.0	1	
Pf3D7_04_v3	962800	991599	87479	6360.402652699215	88443	6110.718821121753	1.0408601068660726	2.8375193845633166e-32	1.234095732333887e-31	0.9607439015132415	1.0	1	
Pf3D7_04_v3	1152400	1153599	4151	301.80993622874564	3832	264.761196731664	1.1399098088298738	6.782181231997025e-17	2.545640626804363e-16	0.8772623871238617	1.0	1	
Pf3D7_04_v3	1172600	1200399	85178	6193.102083375595	74998	5181.774590939805	1.1951682007173836	0.0	0.0	0.8367023147032889	1.0	1	
Pf3D7_05_v3	23600	28399	9112	662.5131628321682	8737	603.6582922350074	1.097491827790274	1.0472648117519946e-18	4.09929369171495e-18	0.9111685159546316	1.0	1	
Pf3D7_05_v3	29600	45599	34084	2478.1714927536896	35130	2427.2079439413765	1.020997670908433	6.495054741911803e-05	0.0001834685566271994	0.9794341637530374	1.0	1	
Pf3D7_05_v3	69000	69399	400	29.08310635786515	342	23.62952225527899	1.2302750532218885	2.5708533840381363e-05	7.414882391857361e-05	0.8128263654384961	1.0	1	
Pf3D7_06_v3	0	12799	36721	2669.9018714179156	33412	2308.507595302285	1.156545759849476	2.1921833134951902e-163	1.2779962295695364e-162	0.8646436956633256	1.0	1	
Pf3D7_06_v3	15000	16199	2759	200.60072610337488	2665	184.1306339482997	1.0894339426977357	4.3026170935241535e-06	1.309907870695131e-05	0.9179078793191694	1.0	1	
Pf3D7_06_v3	26400	32999	14463	1051.5724181345092	13871	958.3774947455405	1.0972391578798604	1.996814147667889e-28	8.54886056970315e-28	0.9113783379115354	1.0	1	
Pf3D7_06_v3	51400	58199	9297	675.9640995226808	4662	322.1076981114346	2.0983411210265097	0.0	0.0	0.47656693660504523	1.0	1	
Pf3D7_06_v3	59400	66799	10076	732.6034491546231	2846	196.63631677930994	3.724738230803148	0.0	0.0	0.26847524256338806	1.0	1	
Pf3D7_06_v3	68600	73399	8180	594.7495250183424	2025	139.91164493257295	4.249314906428446	0.0	0.0	0.23533205281801556	1.0	1	
Pf3D7_06_v3	725200	736399	31088	2260.3390261332797	31856	2201.0001782577992	1.0269607432479828	1.4793275304007068e-06	4.6590315325263634e-06	0.973747055644295	1.0	1	
Pf3D7_06_v3	1302400	1309999	8152	592.7137075732918	4259	294.26355346559416	2.0140015867367342	0.0	0.0	0.496523938504085	1.0	1	
Pf3D7_06_v3	1311000	1316199	7950	578.0267388625699	5354	369.9194799846892	1.5624791956715878	8.365135231145094e-301	5.730117633334389e-300	0.6400085215663803	1.0	1	
Pf3D7_06_v3	1377200	1411999	90747	6598.011631642972	57362	3963.265074875185	1.6647812324963318	0.0	0.0	0.6006795250211372	1.0	1	
Pf3D7_06_v3	1416400	1417999	2054	149.34175114763755	971	67.08849739729794	2.2248335575393985	2.154645452354209e-225	1.3729601254536123e-224	0.4494718252568839	1.0	1	
Pf3D7_07_v3	200	31399	93761	6817.1528380494865	74698	5161.046939838683	1.3208820541013302	0.0	0.0	0.7570698662268949	1.0	1	
Pf3D7_07_v3	34200	46599	30247	2199.191795015868	31253	2159.3375995445444	1.0184577602819358	0.0007495879500934723	0.001956067603101061	0.9818767542437634	1.0	1	
Pf3D7_07_v3	1387800	1389399	2625	190.85788547349006	2569	177.49778559594068	1.075260181635321	0.00011348724435064549	0.00031409600961693803	0.9300074689635945	1.0	1	
Pf3D7_07_v3	1419800	1432399	40725	2961.0237660601456	38424	2654.7975530316953	1.115346595346865	3.77118562975727e-104	1.9871247356797923e-103	0.8965822858759046	1.0	1	
Pf3D7_07_v3	1434200	1445199	32514	2364.020300299069	29068	2008.3712073580398	1.177079054139723	1.6448945805693195e-180	1.0015580335022078e-179	0.8495606106344807	1.0	1	
Pf3D7_08_v3	52600	53799	3755	273.0176609344591	3671	253.63735730739523	1.0764029423080268	3.941967726107438e-06	1.2135945583746494e-05	0.9290201287036588	1.0	1	
Pf3D7_08_v3	65800	71799	9522	692.32334684898	5224	360.9374978408697	1.9179595990017262	0.0	0.0	0.521387416356678	1.0	1	
Pf3D7_08_v3	165400	165999	569	41.37071879406317	467	32.26604354741312	1.2816840146184294	5.243261818280124e-09	1.773646590381178e-08	0.7802235095346104	1.0	1	
Pf3D7_08_v3	1380800	1389399	16872	1226.725426174752	1499	103.56916333527252	11.83730976515949	0.0	0.0	0.0844786543428372	1.0	1	
Pf3D7_08_v3	1392400	1419199	62913	4574.263675730926	9324	644.2153962228692	7.099870423552875	0.0	0.0	0.14084764092068966	1.0	1	
Pf3D7_08_v3	1420000	1422599	6133	445.91672823196745	1604	110.8238412206652	4.021802132560858	0.0	0.0	0.24864475353074023	1.0	1	
Pf3D7_08_v3	1423400	1430599	12859	934.9491616394699	4895	338.20617379997265	2.7640858302877844	0.0	0.0	0.36178326629455076	1.0	1	
Pf3D7_08_v3	1432600	1433999	1621	117.85928851524852	871	60.179280363590635	1.9574304055222747	2.2260886441592394e-131	1.2447924255094524e-130	0.5108738462316792	1.0	1	
Pf3D7_08_v3	1435800	1472799	103323	7512.384495534253	14853	1026.2260060165463	7.31997767169708	0.0	0.0	0.1366124385688403	1.0	1	
Pf3D7_09_v3	0	27999	81538	5928.445815519022	75627	5225.233566081824	1.1345789729370388	1.8229951703057862e-273	1.218294333326306e-272	0.8813842172760705	1.0	1	
Pf3D7_09_v3	1384800	1386599	2111	153.48609380363334	10	0.6909217033707307	202.04736634658528	0.0	0.0	0.004949334495578791	1.0	1	
Pf3D7_09_v3	1387600	1388399	1165	84.70454726728225	2	0.13818434067414612	409.00560618076116	0.0	0.0	0.002444954261966882	1.0	1	
Pf3D7_09_v3	1389400	1391599	1840	133.78228924617972	6	0.4145530220224384	276.76279869349963	0.0	0.0	0.003613202369395924	1.0	1	
Pf3D7_09_v3	1480800	1482199	3287	238.99042649575688	3133	216.4657696660499	1.1040399325734755	1.1021575060217785e-08	3.682818983536187e-08	0.9057643392200837	1.0	1	
Pf3D7_09_v3	1497800	1541599	114623	8333.982250143945	47586	3287.820017659959	2.534773734610533	0.0	0.0	0.39451253038711553	1.0	1	
Pf3D7_10_v3	0	36599	108187	7866.035068845893	71297	4926.064468522298	1.596811714440357	0.0	0.0	0.6262479107315888	1.0	1	
Pf3D7_10_v3	38000	39599	4252	309.1534205841065	3116	215.29120277031964	1.4358548702545637	4.0451409663337846e-110	2.1732718132852094e-109	0.696449216920307	1.0	1	
Pf3D7_10_v3	1428800	1438199	20620	1499.2341327479487	20673	1428.3424373783114	1.049632272982	2.514209013000356e-12	8.9466658384688e-12	0.9527146084780768	1.0	1	
Pf3D7_10_v3	1581000	1584999	7602	552.7244363312273	7204	497.7399951082743	1.1104601306479063	1.2717714105223727e-19	5.124490683575443e-19	0.9005276032886858	1.0	1	
Pf3D7_10_v3	1599600	1600799	2563	186.35000398802097	2463	170.17401554021095	1.0950382324486028	2.786259231452945e-06	8.675398061569396e-06	0.9132101239642665	1.0	1	
Pf3D7_10_v3	1639400	1666999	58284	4237.699427404531	50196	3468.1505822397194	1.2218868852046605	0.0	0.0	0.8184063615941868	1.0	1	
Pf3D7_10_v3	1669000	1687599	41570	3022.461828241136	17813	1230.7388302142824	2.455732109808851	0.0	0.0	0.4072105405983545	1.0	1	
Pf3D7_11_v3	32600	50399	41611	3025.442846642817	39705	2743.304623233486	1.1028448429831799	2.779467658956698e-86	1.3846802519166094e-85	0.9067458639920861	1.0	1	
Pf3D7_11_v3	93400	100399	12092	879.1823051982635	10737	741.8426329091535	1.1851207943505035	4.456171262682152e-74	2.105156768922258e-73	0.843795843231358	1.0	1	
Pf3D7_11_v3	103400	103599	400	29.08310635786515	339	23.422245744267766	1.2411304213385523	1.2569663652769178e-05	3.784711913031599e-05	0.8057170969361186	1.0	1	
Pf3D7_11_v3	1873600	1880599	8734	635.0296273239856	3957	273.3977180237981	2.322411025451383	0.0	0.0	0.4305870016293262	1.0	1	
Pf3D7_11_v3	2001600	2022999	57373	4171.462652674493	58307	4028.557175843719	1.0354734053046772	5.0289666212785356e-17	1.9138011864309983e-16	0.9657418480059953	1.0	1	
Pf3D7_11_v3	2024400	2037999	43211	3141.7752720742774	40082	2769.3523714505627	1.1344780926671745	7.299161864535968e-146	4.166604897672615e-145	0.8814625918857416	1.0	1	
Pf3D7_12_v3	0	21999	67836	4932.204007230351	9171	633.644294161297	7.78313480727878	0.0	0.0	0.12848293454519136	1.0	1	
Pf3D7_12_v3	23000	24399	1766	128.40191456997465	1106	76.41594039280281	1.6797354728169986	4.254958624073543e-90	2.158997524066946e-89	0.5953318341982449	1.0	1	
Pf3D7_12_v3	26400	27399	1278	92.92052481337916	748	51.68094341213065	1.7969694422930753	7.30759232475013e-82	3.5127724508447995e-81	0.5564924903363525	1.0	1	
Pf3D7_12_v3	30000	41999	33475	2433.89246332384	12146	839.1935009140894	2.900123502638807	0.0	0.0	0.3448129016195708	1.0	1	
Pf3D7_12_v3	43800	63799	57845	4205.780718176774	19550	1350.7519300897782	3.1135534290883915	0.0	0.0	0.3211764380394099	1.0	1	
Pf3D7_12_v3	586800	586999	254	18.46777253724437	213	14.716632281796562	1.2539446655563486	0.00020740617865924233	0.0005626662668577465	0.797483355899378	1.0	1	
Pf3D7_12_v3	2199200	2202799	7586	551.5611120769127	7452	514.8748533518684	1.0712502295437119	1.4728061292542654e-09	5.044360992695859e-09	0.9334887147944323	1.0	1	
Pf3D7_12_v3	2241200	2242599	2112	153.558801569528	2061	142.39896306470757	1.0783575944934496	0.00029179252855181053	0.000776224784691224	0.927336168545966	1.0	1	
Pf3D7_12_v3	2243400	2271399	84358	6133.481715341971	17457	1206.1420175742844	5.084975899787939	0.0	0.0	0.19665776587883207	1.0	1	
Pf3D7_13_v3	0	599	1806	131.31022520576118	923	63.77207322111843	2.057965768106735	7.548770344780036e-166	4.496441466238544e-165	0.4859167317053914	1.0	1	
Pf3D7_13_v3	24000	26599	6232	453.11479705553904	5854	404.4655651532257	1.1202686756674014	6.350512612610392e-19	2.521797762109054e-18	0.892643007628727	1.0	1	
Pf3D7_13_v3	32800	46799	40711	2960.0058573376205	40630	2807.2148807952785	1.0544279074042116	1.44004004578984e-26	6.070322654560248e-26	0.9483815754287062	1.0	1	
Pf3D7_13_v3	53400	59199	14146	1028.524056345901	12925	893.0163016066692	1.1517339453528508	6.641503117932733e-61	3.0329530905226147e-60	0.8682560794833873	1.0	1	
Pf3D7_13_v3	60000	61199	1907	138.6537095611221	1672	115.52210880358616	1.2001468637592296	4.558849658171912e-15	1.643585271498821e-14	0.8332313570921579	1.0	1	
Pf3D7_13_v3	62600	66599	7088	515.3526446613705	6761	467.132163648951	1.103219107413166	1.8865064384393295e-16	6.985172488275355e-16	0.9064382526375974	1.0	1	
Pf3D7_13_v3	2884800	2925199	111274	8090.483942162717	106651	7368.749058619179	1.0979449464446027	3.4461770535244345e-207	2.14602843787658e-206	0.9107924793845348	1.0	1	
Pf3D7_14_v3	0	5399	10468	761.104893385331	6483	447.9245402952447	1.6990812948880587	0.0	0.0	0.588553357045746	1.0	1	
Pf3D7_14_v3	53400	53799	397	28.86498306018116	315	21.764033656178015	1.3254030163162736	3.1713561356398236e-08	1.0469296158618212e-07	0.754487493758182	1.0	1	
Pf3D7_14_v3	1373000	1373199	239	17.37715604882443	207	14.302079259774125	1.2142269612174594	0.001533080353609477	0.00396286808385846	0.823569260064311	1.0	1	
Pf3D7_14_v3	2547200	2552399	7736	562.467276961112	2568	177.42869342560363	3.1692788889636256	0.0	0.0	0.31552918977319994	1.0	1	
Pf3D7_14_v3	3193400	3197199	6599	479.79854713888034	5787	399.83638974064183	1.1999616824747528	3.368400231813505e-47	1.4886155863175812e-46	0.833359943575565	1.0	1	
