Scaffold_1_10001..10100	Scaffold_1_10001..10100	100.000	100	0	0	1	100	1	100	4.38e-50	185	100	100	1/1	Scaffold_1_10001..10100	100
Scaffold_1_10101..10200	Scaffold_1_10101..10200	100.000	100	0	0	1	100	1	100	4.38e-50	185	100	100	1/1	Scaffold_1_10101..10200	100
Scaffold_1_10201..10300	Scaffold_1_10201..10300	100.000	100	0	0	1	100	1	100	4.38e-50	185	100	100	1/1	Scaffold_1_10201..10300	100
Scaffold_1_10301..10400	Scaffold_1_10301..10400	100.000	100	0	0	1	100	1	100	4.38e-50	185	100	100	1/1	Scaffold_1_10301..10400	100
Scaffold_1_10401..10500	Scaffold_1_10401..10500	100.000	100	0	0	1	100	1	100	4.38e-50	185	100	100	1/1	Scaffold_1_10401..10500	100
Scaffold_1_10501..10600	Scaffold_1_10501..10600	100.000	100	0	0	1	100	1	100	4.38e-50	185	100	100	1/1	Scaffold_1_10501..10600	100
Scaffold_1_10601..10700	Scaffold_1_10601..10700	100.000	100	0	0	1	100	1	100	4.38e-50	185	100	100	1/1	Scaffold_1_10601..10700	100
Scaffold_1_10701..10800	Scaffold_1_10701..10800	100.000	100	0	0	1	100	1	100	4.38e-50	185	100	100	1/1	Scaffold_1_10701..10800	100
Scaffold_1_10801..10900	Scaffold_1_10801..10900	100.000	100	0	0	1	100	1	100	4.38e-50	185	100	100	1/1	Scaffold_1_10801..10900	100
Scaffold_1_10901..11000	Scaffold_1_10901..11000	100.000	100	0	0	1	100	1	100	4.38e-50	185	100	100	1/1	Scaffold_1_10901..11000	100
Scaffold_1_11001..11100	Scaffold_1_11001..11100	100.000	100	0	0	1	100	1	100	4.38e-50	185	100	100	1/1	Scaffold_1_11001..11100	100
Scaffold_1_11101..11200	Scaffold_1_11101..11200	100.000	100	0	0	1	100	1	100	4.38e-50	185	100	100	1/1	Scaffold_1_11101..11200	100
Scaffold_1_11201..11300	Scaffold_1_11201..11300	100.000	100	0	0	1	100	1	100	4.38e-50	185	100	100	1/1	Scaffold_1_11201..11300	100
Scaffold_1_11301..11400	Scaffold_1_11301..11400	100.000	100	0	0	1	100	1	100	4.38e-50	185	100	100	1/1	Scaffold_1_11301..11400	100
Scaffold_1_11401..11500	Scaffold_1_11401..11500	100.000	100	0	0	1	100	1	100	4.38e-50	185	100	100	1/1	Scaffold_1_11401..11500	100
Scaffold_1_11501..11600	Scaffold_1_11501..11600	100.000	100	0	0	1	100	1	100	4.38e-50	185	100	100	1/1	Scaffold_1_11501..11600	100
Scaffold_1_11601..11700	Scaffold_1_11601..11700	100.000	100	0	0	1	100	1	100	4.38e-50	185	100	100	1/1	Scaffold_1_11601..11700	100
Scaffold_1_11701..11800	Scaffold_1_11701..11800	100.000	100	0	0	1	100	1	100	4.38e-50	185	100	100	1/1	Scaffold_1_11701..11800	100
Scaffold_1_11801..11900	Scaffold_1_11801..11900	100.000	100	0	0	1	100	1	100	4.38e-50	185	100	100	1/1	Scaffold_1_11801..11900	100
Scaffold_1_11901..12000	Scaffold_1_11901..12000	100.000	100	0	0	1	100	1	100	4.38e-50	185	100	100	1/1	Scaffold_1_11901..12000	100
Scaffold_1_12001..12100	Scaffold_1_12001..12100	100.000	100	0	0	1	100	1	100	4.38e-50	185	100	100	1/1	Scaffold_1_12001..12100	100
Scaffold_1_12101..12200	Scaffold_1_12101..12200	100.000	100	0	0	1	100	1	100	4.38e-50	185	100	100	1/1	Scaffold_1_12101..12200	100
Scaffold_1_12201..12300	Scaffold_1_12201..12300	100.000	100	0	0	1	100	1	100	4.38e-50	185	100	100	1/1	Scaffold_1_12201..12300	100
Scaffold_1_12201..12300	Scaffold_1_33601..33700	93.939	66	2	1	30	95	99	36	5.86e-24	99.0	100	100	1/-1	Scaffold_1_33601..33700	66
Scaffold_1_12301..12400	Scaffold_1_12301..12400	100.000	100	0	0	1	100	1	100	4.38e-50	185	100	100	1/1	Scaffold_1_12301..12400	100
Scaffold_1_12401..12500	Scaffold_1_12401..12500	100.000	100	0	0	1	100	1	100	4.38e-50	185	100	100	1/1	Scaffold_1_12401..12500	100
Scaffold_1_12501..12600	Scaffold_1_12501..12600	100.000	100	0	0	1	100	1	100	4.38e-50	185	100	100	1/1	Scaffold_1_12501..12600	100
Scaffold_1_12601..12700	Scaffold_1_12601..12700	100.000	100	0	0	1	100	1	100	4.38e-50	185	100	100	1/1	Scaffold_1_12601..12700	100
Scaffold_1_12701..12800	Scaffold_1_12701..12800	100.000	100	0	0	1	100	1	100	4.38e-50	185	100	100	1/1	Scaffold_1_12701..12800	100
Scaffold_1_12801..12900	Scaffold_1_12801..12900	100.000	100	0	0	1	100	1	100	4.38e-50	185	100	100	1/1	Scaffold_1_12801..12900	100
Scaffold_1_12901..13000	Scaffold_1_12901..13000	100.000	100	0	0	1	100	1	100	4.38e-50	185	100	100	1/1	Scaffold_1_12901..13000	100
Scaffold_1_13001..13100	Scaffold_1_13001..13100	100.000	100	0	0	1	100	1	100	4.38e-50	185	100	100	1/1	Scaffold_1_13001..13100	100
Scaffold_1_13101..13200	Scaffold_1_13101..13200	100.000	100	0	0	1	100	1	100	4.38e-50	185	100	100	1/1	Scaffold_1_13101..13200	100
Scaffold_1_13201..13300	Scaffold_1_13201..13300	100.000	100	0	0	1	100	1	100	4.38e-50	185	100	100	1/1	Scaffold_1_13201..13300	100
Scaffold_1_13301..13400	Scaffold_1_13301..13400	100.000	100	0	0	1	100	1	100	4.38e-50	185	100	100	1/1	Scaffold_1_13301..13400	100
Scaffold_1_13401..13500	Scaffold_1_13401..13500	100.000	100	0	0	1	100	1	100	4.38e-50	185	100	100	1/1	Scaffold_1_13401..13500	100
Scaffold_1_13501..13600	Scaffold_1_13501..13600	100.000	100	0	0	1	100	1	100	4.38e-50	185	100	100	1/1	Scaffold_1_13501..13600	100
Scaffold_1_13601..13700	Scaffold_1_13601..13700	100.000	100	0	0	1	100	1	100	4.38e-50	185	100	100	1/1	Scaffold_1_13601..13700	100
Scaffold_1_13701..13800	Scaffold_1_13701..13800	100.000	100	0	0	1	100	1	100	4.38e-50	185	100	100	1/1	Scaffold_1_13701..13800	100
Scaffold_1_13801..13900	Scaffold_1_13801..13900	100.000	100	0	0	1	100	1	100	4.38e-50	185	100	100	1/1	Scaffold_1_13801..13900	100
Scaffold_1_13901..14000	Scaffold_1_13901..14000	100.000	100	0	0	1	100	1	100	4.38e-50	185	100	100	1/1	Scaffold_1_13901..14000	100
Scaffold_1_14001..14100	Scaffold_1_14001..14100	100.000	100	0	0	1	100	1	100	4.38e-50	185	100	100	1/1	Scaffold_1_14001..14100	100
Scaffold_1_14101..14200	Scaffold_1_14101..14200	100.000	100	0	0	1	100	1	100	4.38e-50	185	100	100	1/1	Scaffold_1_14101..14200	100
Scaffold_1_14201..14300	Scaffold_1_14201..14300	100.000	100	0	0	1	100	1	100	4.38e-50	185	100	100	1/1	Scaffold_1_14201..14300	100
Scaffold_1_14301..14400	Scaffold_1_14301..14400	100.000	100	0	0	1	100	1	100	4.38e-50	185	100	100	1/1	Scaffold_1_14301..14400	100
Scaffold_1_14401..14500	Scaffold_1_14401..14500	100.000	100	0	0	1	100	1	100	4.38e-50	185	100	100	1/1	Scaffold_1_14401..14500	100
Scaffold_1_14501..14600	Scaffold_1_14501..14600	100.000	100	0	0	1	100	1	100	4.38e-50	185	100	100	1/1	Scaffold_1_14501..14600	100
Scaffold_1_14601..14700	Scaffold_1_14601..14700	100.000	100	0	0	1	100	1	100	4.38e-50	185	100	100	1/1	Scaffold_1_14601..14700	100
Scaffold_1_14701..14800	Scaffold_1_14701..14800	100.000	100	0	0	1	100	1	100	4.38e-50	185	100	100	1/1	Scaffold_1_14701..14800	100
Scaffold_1_14801..14900	Scaffold_1_14801..14900	100.000	100	0	0	1	100	1	100	4.38e-50	185	100	100	1/1	Scaffold_1_14801..14900	100
Scaffold_1_14901..15000	Scaffold_1_14901..15000	100.000	100	0	0	1	100	1	100	4.38e-50	185	100	100	1/1	Scaffold_1_14901..15000	100
